// Improperly altering this file can cause SolarMax to malfunction

//Name      , GM                    , Mass (kg)     , Radius (km), Siderial Day (sec)   , NP Decl    , NP Rt Asc (deg), Start Angle (deg), Flattening
Sun         , 1.3271244001798698E+11,1.98910000E+30 , 696000.00  , 2.16432000000000E+06 , 286.1300000, 63.8700000     , 190.0030000      , 9E-6
Moon        , 4.902800582147764E+03 ,7.34900000E+22 , 1737.53    , 2.36058468480000E+06 , 269.9952400, 66.5406300     , 53.0027600       , 0.00125
Mercury     , 2.2032080486417923E+04,3.30200000E+23 , 2440.00    , 5.06701440000000E+06 , 281.0060900, 61.4137600     , 150.9806900      , 0
Venus       , 3.2485859882645978E+05,4.86850000E+24 , 6051.80    , -2.09967984000000E+07, 272.7600000, 67.1600000     , 328.8008500      , 0
Earth       , 3.986004328969392E+05 ,5.97360000E+24 , 6371.01    , 8.61640910000000E+04 , -0.0705100 , 89.9387300     , 9.8894100        , 0.0033528
Mars        , 4.282831000000000E+04 ,6.41850000E+23 , 3389.90    , 8.86424400000000E+04 , 317.6697600, 52.8798000     , 125.1687300      , 0.00589
Jupiter     , 1.266865343445600E+08 ,1.89813000E+27 , 69911.00   , 3.57300000000000E+04 , 268.0558800, 64.4955700     , 263.3300000      , 0.06487
Saturn      , 3.793120399014200E+07 ,5.68319000E+26 , 58232.00   , 3.80520000000000E+04 , 40.5929600 , 83.5374400     , 123.4012900      , 0.097
Uranus      , 5.793950209634619E+06 ,8.68103000E+25 , 25362.00   , -6.20637120000000E+04 , 257.3110000, -15.1750000    , 273.1371800      , 0.0229
Neptune     , 6.835107010942784E+06 ,1.02410000E+26 , 24624.00   , 5.80003200000000E+04 , 299.3648400, 43.4564700     , 290.0214800      , 0.0171
Pluto       , 8.731741146667376E+02 ,1.31400000E+22 , 1151.00    , 5.51856672000000E+05 , 132.9930000, -6.1630000     , 233.7391400
Ceres       , 62.178                ,9.43000000E+20 , 454.70     , 3.26678400000000E+04
Haumea      ,                       ,4.20000000E+21 , 718.00     , 1.40958144000000E+04
Makemake    ,                       ,3.00000000E+21 , 750.00     , 2.79756000000000E+04
Eris        ,                       ,1.67000000E+22 , 1300.00    , 9.32400000000000E+04
Vesta       , 265                   ,2.67000000E+20 , 529.00     , 1.92312000000000E+04
Sedna       ,                       ,3.00000000E+21 , 1400.00    , 3.62880000000000E+04
2002 TC302  ,                       , 1.5E+21       , 1150
2007 OR10   ,                       , 3E+21         , 1400
Ixion       ,                       , 3E+20         , 650
Quaoar      ,                       , 1.6E+21       , 890
Orcus       ,                       , 6.32E+20      , 946
Pallas      ,                       , 2.11E+20      , 544        , 28127.52             , 78         , 90             , 0                , 
Phobos      , 6.900000000000000E-04 , 1.08000000E+16, 11.10      , 2.75538438720000E+04 , 317.6681200, 52.8932900     , 248.2875000
Deimos      , 1.200000000000000E-04 ,1.80000000E+15 , 6.00       , 1.09074816000000E+05 , 316.6381200, 53.5132900     , 197.3249100
Io          , 5.959915965308669E+03 ,8.93300000E+22 , 1821.30    , 1.52853504700000E+05 , 268.0490100, 64.5003300     , 157.2618900
Europa      , 3.202733759136212E+03 ,4.79700000E+22 , 1565.00    , 3.06822038400000E+05 , 268.0790100, 64.5103300     , 148.9736600
Ganymede    , 9.887828949380846E+03 ,1.48200000E+23 , 2634.00    , 6.18153375744000E+05 , 268.1990100, 64.5703300     , 235.0545400
Callisto    , 7.179291580537229E+03 ,1.07600000E+23 , 2403.00    , 1.44193118976000E+06 , 268.7190100, 64.8303300     , 161.2897500
Mimas       , 2.545085838113322E+00 ,3.75000000E+19 , 198.80     , 8.14252435200000E+04 , 40.6560400 , 83.5195600     , 316.5847100
Enceladus   , 7.810171945358926E+00 ,1.08050000E+20 , 252.30     , 1.18386820000000E+05 , 40.6560400 , 83.5195600     , 11.7266400
Tethys      , 4.121195664349864E+01 ,6.17600000E+20 , 536.30     , 1.63106092800000E+05 , 40.6560400 , 83.5195600     , 57.8966300
Dione       , 7.311043328189443E+01 ,1.09572000E+21 , 562.50     , 2.36469456000000E+05 , 40.6560400 , 83.5195600     , 319.1877000
Rhea        , 1.545164635592168E+02 ,2.30900000E+21 , 764.50     , 3.90373516800000E+05 , 40.3760400 , 83.5495600     , 349.9270400
Titan       , 8.978191296829738E+03 ,1.34553000E+23 , 2575.50    , 1.37764800000000E+06 , 39.4827000 , 83.4279000     , 169.5897900
Iapetus     , 1.205405850812891E+02 ,1.80590000E+21 , 734.50     , 6.85337760000000E+06 , 317.7256400, 74.9042800     , 226.4430500
Ariel       , 8.608449582032800E+01 ,1.35300000E+21 , 577.90     , -2.17728000000000E+05, 257.4300000, -15.1000000    , 153.9238100
Umbriel     , 8.399390758106858E+01 ,1.17200000E+21 , 584.70     , -3.56981000000000E+05, 257.4300000, -15.1000000    , 312.2751800
Titania     , 2.299368431723383E+02 ,3.52700000E+21 , 788.90     , -7.52218617600000E+05, 257.4300000, -15.1000000    , 268.3635500
Oberon      , 1.999615497251917E+02 ,3.01400000E+21 , 761.40     , -1.16322341760000E+06, 257.4300000, -15.1000000    , 220.8560700
Miranda     , 4.346127202805427E+00 ,6.59000000E+19 , 234.20     , -1.22124585600000E+05, 257.4300000, -15.0800000    , 290.8561400
Triton      , 1.427867949141134E+03 ,2.14700000E+22 , 1352.60    , -5.07772800000000E+05, 299.5837000, 38.6945600     , 152.6715200
Nereid      ,                       ,2.70000000E+19 , 170.00     , 4.14720000000000E+04
Larissa     ,                       ,4.60000000E+18 , 104.00     , 4.79220468480000E+04
Proteus     ,                       ,4.40000000E+19 , 218.00     , 9.69679961280000E+04
Charon      , 1.082735902186755E+02 ,1.90000000E+21 , 593.00     , 5.51856706560000E+05 , 132.9930000, -6.1630000     , 53.7391400
New Horizons,                       ,4.65000000E+02 , 0.01
Comet Halley,                       ,2.20000000E+14 , 11.00
Apophis     ,                       ,2.70000000E+10 , 270.00