//Name, Mass (kg), Radius (km), X, Y, Z, VX, VY, VZ

// Date Jan 1, 2007 00:00:00

// Stars

Sun, 1.9891E+30, 6.96E+05, 0, 0, 0, 0, 0, 0

// PLANETS

Mercury, 3.302E+23, 2440,-4.805886965601466E+07,  2.189032066968738E+07,  6.198232916886831E+06, -3.022107555343033E+01, -4.226475176334793E+01, -6.802538712273662E-01
Venus, 48.685E+23, 6051.8, -8.049999407410532E+07,  7.099963444785571E+07,  5.618547770754423E+06, -2.329464239208604E+01, -2.644591196189182E+01,  9.821057288868431E-01
Earth, 5.9736E+24, 6371.01, -2.567030301930378E+07,  1.448508985971261E+08, -3.607762965627015E+03, -2.982651603443954E+01, -5.304542013817378E+00, -7.226846229160255E-04
Mars, 6.4185E+23, 3389.9, 8.560453194678910E+07, -1.931287968992638E+08, -6.148930682434097E+06,  2.306461556998571E+01,  1.189820905093515E+01, -3.170376170967559E-01
Jupiter, 1898.13E+24, 69911, 7.339462168063114E+08,  9.701813610000801E+07, -1.682718970158471E+07, -1.874591284908997E+00,  1.358426262434579E+01, -1.453841322266047E-02
Saturn, 5.68319E+26, 58232, -1.407959851110039E+09, -2.647134735208034E+08,  6.065314057900450E+07,  1.264353125585426E+00, -9.503061706225488E+00,  1.147964217067248E-01
Uranus, 86.8103E+24, 25362, 3.004982415799173E+09, -2.444563947966594E+07, -3.901612261568308E+07,  3.747271668208711E-03,  6.502975240993063E+00,  2.414868175141649E-02
Neptune, 102.41E+24, 24624, 3.805260709062757E+09, -2.383008424739055E+09, -3.861149638822520E+07,  2.848386773218827E+00,  4.649462873415265E+00, -1.614964415399069E-01

// DWARF PLANETS

Pluto, 1.314E+22, 1151, 4.177086171497295E+08, -4.746411203084515E+09,  3.872361077082222E+08,  5.529054713748423E+00, -5.671787741716194E-01, -1.548616115445614E+00
Ceres, 9.43E+20, 454.7, 2.516560055872892E+08, -3.589366960226353E+08, -5.757288988207991E+07,  1.377035430732789E+01,  9.210613774274270E+00, -2.250364372494757E+00
Haumea, 4.2E+21, 718, -6.470706593654352E+09, -1.989686002292333E+09,  3.509537787691371E+09,  1.520082389843418E+00, -3.431342999409926E+00,  2.843757150838893E-01
Makemake, 3.0E+21, 750, -6.827763767532066E+09,  4.234491103171110E+08,  3.764292772213437E+09, -5.585158206285552E-01, -3.756937833175675E+00, -7.907597967450353E-02
Eris, 1.67E+22, 1300, 1.306990032608202E+10,  5.171426429868268E+09, -3.371824032630499E+09, -5.438164968874407E-01,  1.613065032799700E+00,  1.559533780211787E+00
Vesta, 2.67E+20, 529, -1.402613350469638E+08, -2.891614790513000E+08,  2.573892796090360E+07,  1.900423922722461E+01, -9.070757829824895E+00, -2.036125567740334E+00

// MOONS

// Earth
Luna, 734.9E+20, 1737.53, -2.586501663441455E+07,  1.445259195488319E+08, -2.295369590413570E+04, -2.895849294818207E+01, -5.867519740768277E+00,  7.711959496316867E-02 

// Mars
Phobos, 1.08E+20, 11.1, 8.560133408522932E+07, -1.931202041826202E+08, -6.146904917315364E+06,  2.126875626808101E+01,  1.107428869328239E+01,  4.903048576812221E-01
Deimos, 1.8E+20, 6.0, 8.561593455876999E+07, -1.931086556154414E+08, -6.152719649885342E+06,  2.204668784617078E+01,  1.258169784263515E+01,  2.514524731052488E-01

// Jupiter
Io, 893.3E+20, 1821.3, 7.343276650366092E+08,  9.684211305220692E+07, -1.682825205583999E+07,  5.436399108826424E+00,  2.936603181025296E+01,  6.543527298450726E-01
Europa, 479.7E+20, 1565, 7.345046143969690E+08,  9.663550924066029E+07, -1.683850228136315E+07,  5.811513080936080E+00,  2.481769651385258E+01,  5.085556474660002E-01
Ganymede, 1482E+20, 2634, 7.346160553245587E+08,  9.785296981984882E+07, -1.678730924455236E+07, -1.034172532176980E+01,  2.040532436486138E+01,  1.349058953512365E-01
Callisto, 1076E+20, 2403, 7.357108253493457E+08,  9.640015877598317E+07, -1.682345143807803E+07,  8.339053271391306E-01,  2.138548449525187E+01,  2.718605121699911E-01

// Saturn
Mimas, 0.375E+20, 198.8,  -1.407996067470302E+09, -2.648720886018274E+08,  6.074078159530093E+07,  1.538402155505986E+01, -1.215512531278883E+01,  5.735713285194977E-01
Enceladus, 1.0805E+20, 252.3, -1.407780632744200E+09, -2.648588854752102E+08,  6.071201051413757E+07,  9.555258584382550E+00, -1.421739048907950E+00, -4.921264857172688E+00
Tethys, 6.176E+20, 536.3, -1.407669226648086E+09, -2.646836900746418E+08,  6.061445016415785E+07, -4.278579438773992E-01,  5.637477582968748E-01, -4.847890847072422E+00
Dione, 10.9572E+20, 562.5, -1.407966106893905E+09, -2.650470777428373E+08,  6.082848583790115E+07,  1.126716878788383E+01, -1.003511994732604E+01, -5.817233379696418E-01
Rhea, 2.309E+21, 764.5, -1.407716781787890E+09, -2.651380027087178E+08,  6.084842862718597E+07,  8.757792776571410E+00, -6.303069486091120E+00, -2.270975057423268E+00
Titan, 1.34553E+23, 2575.5, -1.408643456397109E+09, -2.637581158266090E+08,  6.022763317774910E+07, -3.323290501954524E+00, -1.190460444820485E+01,  1.808339275542107E+00
Iapetus, 1.8059E+20, 734.5, -1.408144543363068E+09, -2.612592369061328E+08,  5.988136661574894E+07, -1.954065784747144E+00, -9.438749996770396E+00,  7.474279831329915E-01

// Uranus
Ariel, 13.53E+20, 577.9, 3.005155223244488E+09, -2.449265162305976E+07, -3.908244565187875E+07, -2.024439003157092E+00,  6.238614400562691E+00, -5.089663743655615E+00
Umbriel, 11.72E+20, 584.7, 3.004795082055299E+09, -2.438034454107594E+07, -3.884024718692762E+07,  3.160909212083337E+00,  6.289984669366437E+00,  3.475537900762115E+00
Titania, 35.27E+20, 788.9, 3.004963416140279E+09, -2.438086657621753E+07, -3.858402558172985E+07,  3.553030469999053E+00,  5.761035073424049E+00,  2.869198971087594E-01
Oberon, 30.14E+20, 761.4, 3.005385788417086E+09, -2.447373776394568E+07, -3.859646727389279E+07,  2.182388717242418E+00,  5.724784681730545E+00, -2.121862911046430E+00
Miranda, 0.659E+20, 234.2, 3.004925591089256E+09, -2.441927789796778E+07, -3.890251501239010E+07,  5.737821256293809E+00,  5.166736379222674E+00,  3.193555606756845E+00

// Neptune

Triton, 214.7E+20, 1352.6, 3.805255894215858E+09, -2.383268648145051E+09, -3.885256834880292E+07, -9.994179744301734E-01,  3.252124586860316E+00,  1.423715331348629E+00
Nereid, 2700E+16, 170, 3.803951792666748E+09, -2.375344697878851E+09, -3.817114118197834E+07,  2.413404924717255E+00,  4.080389218316633E+00, -2.244615319937606E-01
Naiad, 19E+16, 29, 3.805286428665074E+09, -2.383039828419897E+09, -3.863754183759534E+07,  1.182126741998539E+01,  1.246540510414118E+01, -7.174534968139907E-01
Thalassa, 35E+16, 40, 3.805264186653681E+09, -2.383055027564908E+09, -3.862947500840068E+07,  1.373178674783381E+01,  6.870860204435230E+00, -3.809706505025122E+00
Despina, 210E+16, 74, 3.805251379466767E+09, -2.382961099489481E+09, -3.859069874784601E+07, -7.602049925176152E+00,  1.241264515826353E+00,  2.911349384549643E+00
Galatea, 212E+16, 79, 3.805235545142642E+09, -2.383064220361953E+09, -3.862110298952556E+07,  1.166928005031679E+01,  1.490618946101999E+00, -4.917531835041002E+00
Larissa, 460E+16, 104, 3.805228610076777E+09, -2.382951205084283E+09, -3.857812642643392E+07, -5.103520723698259E+00, -6.101619083718656E-01,  1.232399566356375E+00
Proteus, 4400E+16, 218, 3.805152524413211E+09, -2.383005286980115E+09, -3.856522174300420E+07,  1.705679560867144E+00, -2.560494614443930E+00, -2.343774694293502E+00

// Pluto
Charon, 1.9E21, 593, 4.177025623969818E+08, -4.746425365543121E+09,  3.872239217153695E+08,  5.380432920485241E+00, -6.345914333946159E-01, -1.396887893018637E+00

// Other

//New Horizons Spacecraft
New Horizons, 465, 0.0025, 3.889639845240042E+08, -2.776325425290876E+09,  8.591044137467742E+07,  5.800631688743152E+00, -1.474205021771248E+01,  5.730906606463755E-01
Comet Halley, 2.2E+14, 11, -3.023805979299419E+09,  3.540218437475406E+09, -1.415220625578161E+09, -5.070506687306474E-01,  2.107751102645823E+00, -4.860581161793094E-01