
<AND>
23.6029453,35.1913109,22.9643536,35.1682358
22.9643536,35.1682358,22.9561901,53.1680298
22.9561901,53.1680298,23.4301929,53.1870041
23.4301929,53.1870041,23.4310455,50.6870193
23.4310455,50.6870193,23.6847038,50.6929131
23.6847038,50.6929131,23.6850719,48.6929169
23.6850719,48.6929169,0.2764245,48.6949348
0.2764245,48.6949348,0.2762186,46.6949348
0.2762186,46.6949348,0.9850718,46.6757545
0.9850718,46.6757545,0.9859245,48.6757393
0.9859245,48.6757393,1.2392272,48.663269
1.2392272,48.663269,1.2403936,50.6632347
1.2403936,50.6632347,1.4938624,50.6478767
1.4938624,50.6478767,1.7979016,50.6257439
1.7979016,50.6257439,1.7954293,47.625843
1.7954293,47.625843,2.1747661,47.5927505
2.1747661,47.5927505,2.1782534,51.0925827
2.1782534,51.0925827,2.6590319,51.0423737
2.6590319,51.0423737,2.6452894,37.2931557
2.6452894,37.2931557,2.1247394,37.347084
2.1247394,37.347084,2.1236167,35.5971375
2.1236167,35.5971375,1.527389,35.6453362
1.527389,35.6453362,1.5264951,33.6453705
1.5264951,33.6453705,0.8295376,33.6818962
0.8295376,33.6818962,0.8275661,24.4319324
0.8275661,24.4319324,0.9616043,24.4266243
0.9616043,24.4266243,0.9609877,21.6766376
0.9609877,21.6766376,0.2493281,21.6951923
0.2493281,21.6951923,0.2493763,22.6951923
0.2493763,22.6951923,0.1740011,22.6957588
0.1740011,22.6957588,0.1741895,28.6957588
0.1741895,28.6957588,0.1070811,28.6960354
0.1070811,28.6960354,0.1071318,32.0293655
0.1071318,32.0293655,23.8552494,32.0285034
23.8552494,32.0285034,23.8552055,32.7785072
23.8552055,32.7785072,23.6032772,32.7746468
23.6032772,32.7746468,23.6029453,35.1913109

<ANT>
9.8453121,-24.5835705,9.460289,-24.5425186
9.460289,-24.5425186,9.4514399,-37.2920151
9.4514399,-37.2920151,9.4489374,-40.2918739
9.4489374,-40.2918739,11.0971003,-40.4246216
11.0971003,-40.4246216,11.0986242,-35.6746559
11.0986242,-35.6746559,10.9305677,-35.6664963
10.9305677,-35.6664963,10.931859,-31.8332005
10.931859,-31.8332005,10.6800919,-31.8185863
10.6800919,-31.8185863,10.6808596,-29.8186131
10.6808596,-29.8186131,10.3454218,-29.7947845
10.3454218,-29.7947845,10.3466225,-27.1281624
10.3466225,-27.1281624,9.8439522,-27.0835037
9.8439522,-27.0835037,9.8453121,-24.5835705

<APS>
13.8520956,-75.6235962,13.9407406,-83.1200714
13.9407406,-83.1200714,18.4577332,-82.4582748
18.4577332,-82.4582748,18.2796707,-74.9745178
18.2796707,-74.9745178,18.2186718,-67.4800797
18.2186718,-67.4800797,17.7183819,-67.571106
17.7183819,-67.571106,17.2161655,-67.661087
17.2161655,-67.661087,17.2313786,-70.1597443
17.2313786,-70.1597443,14.9444294,-70.5115433
14.9444294,-70.5115433,13.8307247,-70.6244431
13.8307247,-70.6244431,13.8520956,-75.6235962

<AQR>
20.6456432,-8.5634165,20.6399231,0.4361772
20.6399231,0.4361772,20.6386585,2.4360874
20.6386585,2.4360874,20.9387398,2.4773185
20.9387398,2.4773185,21.4388981,2.5393796
21.4388981,2.5393796,21.5722847,2.5544112
21.5722847,2.5544112,21.5719166,3.3043909
21.5719166,3.3043909,21.7720146,3.3256676
21.7720146,3.3256676,21.7724724,2.325691
21.7724724,2.325691,22.105917,2.3576119
22.105917,2.3576119,22.1058178,2.6076074
22.1058178,2.6076074,22.8561478,2.6622071
22.8561478,2.6622071,22.8566475,0.6622211
22.8566475,0.6622211,22.8576469,-3.3377509
22.8576469,-3.3377509,23.9401474,-3.3042023
23.9401474,-3.3042023,23.9402199,-6.3042021
23.9402199,-6.3042021,23.9407043,-24.8042011
23.9407043,-24.8042011,23.1120644,-24.8250446
23.1120644,-24.8250446,21.9846859,-24.9040413
21.9846859,-24.9040413,21.9770775,-8.4043999
21.9770775,-8.4043999,21.444561,-8.4602947
21.444561,-8.4602947,21.4477634,-14.4601107
21.4477634,-14.4601107,20.6495934,-14.5631361
20.6495934,-14.5631361,20.6456432,-8.5634165

<AQL>
18.6932125,-3.884223,18.6900139,0.1154895
18.6900139,0.1154895,18.6884155,2.115346
18.6884155,2.115346,18.9717617,2.1659052
18.9717617,2.1659052,18.968399,6.4156075
18.968399,6.4156075,18.7639046,6.3791943
18.7639046,6.3791943,18.759203,12.1287737
18.759203,12.1287737,18.9637508,12.1651964
18.9637508,12.1651964,18.9582424,18.6647091
18.9582424,18.6647091,19.0916996,18.6882229
19.0916996,18.6882229,19.0936985,16.3550682
19.0936985,16.3550682,19.9280777,16.4957294
19.9280777,16.4957294,19.9284,16.0790844
19.9284,16.0790844,20.2372665,16.1275158
20.2372665,16.1275158,20.242445,8.8779116
20.242445,8.8779116,20.4009304,8.901824
20.4009304,8.901824,20.4052734,2.4021468
20.4052734,2.4021468,20.6386585,2.4360874
20.6386585,2.4360874,20.6399231,0.4361772
20.6399231,0.4361772,20.6456432,-8.5634165
20.6456432,-8.5634165,20.1129131,-8.643075
20.1129131,-8.643075,20.1150913,-11.6762342
20.1150913,-11.6762342,18.9829369,-11.866436
18.9829369,-11.866436,18.9764862,-3.8336766
18.9764862,-3.8336766,18.6932125,-3.884223

<ARA>
16.605442,-61.2641945,16.6023121,-60.2644577
16.6023121,-60.2644577,16.5713749,-45.7670517
16.5713749,-45.7670517,17.9872856,-45.516346
17.9872856,-45.516346,18.1539345,-45.4859734
18.1539345,-45.4859734,18.1781502,-56.9837723
18.1781502,-56.9837723,17.6778793,-57.0747757
17.6778793,-57.0747757,17.7183819,-67.571106
17.2161655,-67.661087,17.0483322,-67.6905823
17.0483322,-67.6905823,17.0361595,-65.1916428
17.0361595,-65.1916428,16.9522343,-65.2062531
16.9522343,-65.2062531,16.9463425,-63.7900925
16.9463425,-63.7900925,16.7784214,-63.8189964
16.7784214,-63.8189964,16.7691898,-61.2364578
16.7691898,-61.2364578,16.605442,-61.2641945

<ARI>
3.3964274,10.3632069,2.1110165,10.5143948
2.1110165,10.5143948,1.7770489,10.5432396
1.7770489,10.5432396,1.7829783,25.6263351
1.7829783,25.6263351,2.0342474,25.6050701
2.0342474,25.6050701,2.0353744,27.8550186
2.0353744,27.8550186,2.5380099,27.8047638
2.5380099,27.8047638,2.5402129,31.2213154
2.5402129,31.2213154,2.841892,31.1865025
2.841892,31.1865025,3.4951112,31.1003609
3.4951112,31.1003609,3.4860415,19.4343338
3.4860415,19.4343338,3.4024823,19.4461136
3.4024823,19.4461136,3.3964274,10.3632069

<AUR>
4.6317859,30.2552605,4.6324625,30.921875
4.6324625,30.921875,4.6382561,36.254715
4.6382561,36.254715,4.8304896,36.2218513
4.8304896,36.2218513,4.856019,52.7196465
4.856019,52.7196465,5.1656508,52.665554
5.1656508,52.665554,5.1737843,56.1648331
5.1737843,56.1648331,6.2754059,55.9658089
6.2754059,55.9658089,6.2704911,53.9662552
6.2704911,53.9662552,6.6697354,53.8938293
6.6697354,53.8938293,6.6612973,49.8945885
6.6612973,49.8945885,6.9604239,49.8410034
6.9604239,49.8410034,6.9510202,44.3418388
6.9510202,44.3418388,7.5156083,44.2435493
7.5156083,44.2435493,7.5040479,35.2445297
7.5040479,35.2445297,6.6726851,35.390564
6.6726851,35.390564,6.6643772,27.8913116
6.6643772,27.8913116,6.0147381,28.0092907
6.0147381,28.0092907,6.0152602,28.509243
6.0152602,28.509243,4.8808317,28.7124405
4.8808317,28.7124405,4.8823562,30.2123089
4.8823562,30.2123089,4.6317859,30.2552605

<BOO>
15.1736994,25.5246105,15.1854324,7.525393
15.1854324,7.525393,13.6042566,7.3605771
13.6042566,7.3605771,13.6019287,14.3604937
13.6019287,14.3604937,13.5969248,27.8603134
13.5969248,27.8603134,14.0525885,27.8976517
14.0525885,27.8976517,14.0513906,30.1475964
14.0513906,30.1475964,14.1259289,30.1545391
14.1259289,30.1545391,14.1132488,47.9039383
14.1132488,47.9039383,14.1056261,54.9035759
14.1056261,54.9035759,14.4834166,54.9422379
14.4834166,54.9422379,15.3060703,55.0448647
15.3060703,55.0448647,15.3104916,52.5451736
15.3104916,52.5451736,15.8056316,52.6174774
15.8056316,52.6174774,15.8083057,51.1176796
15.8083057,51.1176796,15.8243618,39.6189079
15.8243618,39.6189079,15.5095768,39.572113
15.5095768,39.572113,15.5164652,32.5726128
15.5164652,32.5726128,15.2677279,32.5376778
15.2677279,32.5376778,15.2733011,25.5380573
15.2733011,25.5380573,15.1736994,25.5246105

<CAE>
4.34199,-36.7010231,4.3384275,-39.7007294
4.3384275,-39.7007294,4.3254924,-48.6996651
4.3254924,-48.6996651,4.5574832,-48.7384491
4.5574832,-48.7384491,4.5616064,-46.2387962
4.5616064,-46.2387962,4.8934722,-46.2959023
4.8934722,-46.2959023,4.8988247,-42.7963676
4.8988247,-42.7963676,5.0649629,-42.8255501
5.0649629,-42.8255501,5.0836625,-27.0772038
5.0836625,-27.0772038,4.9172864,-27.0479794
4.9172864,-27.0479794,4.7842221,-27.0248775
4.7842221,-27.0248775,4.7814946,-29.7746429
4.7814946,-29.7746429,4.6651101,-29.7546597
4.6651101,-29.7546597,4.6574917,-36.7540054
4.6574917,-36.7540054,4.34199,-36.7010231

<CAM>
6.2938304,61.9641266,6.2754059,55.9658089
6.2754059,55.9658089,5.1737843,56.1648331
5.1737843,56.1648331,5.1656508,52.665554
5.1656508,52.665554,4.856019,52.7196465
4.856019,52.7196465,3.4875391,52.9366074
3.4875391,52.9366074,3.4921267,55.4362831
3.4921267,55.4362831,3.3236015,55.4596519
3.3236015,55.4596519,3.3275664,57.4593849
3.3275664,57.4593849,3.260062,57.4684982
3.260062,57.4684982,3.2930305,68.4662857
3.2930305,68.4662857,3.6158023,68.4214401
3.6158023,68.4214401,3.6872499,77.4163132
3.6872499,77.4163132,3.7817473,77.4025955
3.7817473,77.4025955,3.835366,80.3986664
3.835366,80.3986664,5.3659263,80.14785
5.3659263,80.14785,5.6357412,85.1239471
5.6357412,85.1239471,8.530241,84.6103745
8.530241,84.6103745,8.6935167,86.0975418
8.6935167,86.0975418,14.2015305,85.930809
14.2015305,85.930809,14.4521904,79.4449844
14.4521904,79.4449844,13.5872793,79.3629303
13.5872793,79.3629303,13.6104679,76.3638153
13.6104679,76.3638153,13.0547075,76.3289108
13.0547075,76.3289108,11.6289864,76.3084106
11.6289864,76.3084106,11.6354389,79.308342
11.6354389,79.308342,10.8545732,79.3401794
10.8545732,79.3401794,10.8736944,81.3396072
10.8736944,81.3396072,9.479413,81.4677658
9.479413,81.4677658,9.3743649,72.9741364
9.3743649,72.9741364,8.2057486,73.1383743
8.2057486,73.1383743,8.1419401,59.6433983
8.1419401,59.6433983,7.1835465,59.8037262
7.1835465,59.8037262,7.1901035,61.8031464
7.1901035,61.8031464,6.2938304,61.9641266

<CNC>
9.376399,32.9691162,9.3602839,6.4700689
9.3602839,6.4700689,8.1947594,6.6302376
8.1947594,6.6302376,8.0365562,6.654985
8.0365562,6.654985,8.0387115,9.6548138
8.0387115,9.6548138,7.9221659,9.6734257
7.9221659,9.6734257,7.9247737,13.1732168
7.9247737,13.1732168,7.9298363,19.6728077
7.9298363,19.6728077,8.0046749,19.66082
8.0046749,19.66082,8.0114431,27.6602821
8.0114431,27.6602821,8.1277313,27.6419144
8.1277313,27.6419144,8.1328821,33.1415138
8.1328821,33.1415138,9.376399,32.9691162

<CVN>
12.4369507,33.3074303,12.1063004,33.3039627
12.1063004,33.3039627,12.1060944,44.3039627
12.1060944,44.3039627,12.1884289,44.3043365
12.1884289,44.3043365,12.1879015,52.3043365
12.1879015,52.3043365,13.5828266,52.3598061
13.5828266,52.3598061,13.5863409,47.8599281
13.5863409,47.8599281,14.1132488,47.9039383
14.1132488,47.9039383,14.1259289,30.1545391
14.1259289,30.1545391,14.0513906,30.1475964
14.0513906,30.1475964,14.0525885,27.8976517
14.0525885,27.8976517,13.5969248,27.8603134
13.5969248,27.8603134,13.3484383,27.8437748
13.3484383,27.8437748,13.3471832,31.3437366
13.3471832,31.3437366,12.4371796,31.3074341
12.4371796,31.3074341,12.4369507,33.3074303

<CMA>
6.1995044,-27.2787991,6.214375,-11.0301533
6.214375,-11.0301533,7.4648933,-11.2521448
7.4648933,-11.2521448,7.4451466,-33.2504692
7.4451466,-33.2504692,6.6602573,-33.1128159
6.6602573,-33.1128159,6.1932712,-33.0282326
6.1932712,-33.0282326,6.1995044,-27.2787991

<CMI>
8.1947594,6.6302376,8.1899338,-0.36939
8.1899338,-0.36939,7.3066444,-0.224329
7.3066444,-0.224329,7.3077946,1.2755718
7.3077946,1.2755718,7.1244931,1.3074419
7.1244931,1.3074419,7.1276183,5.307168
7.1276183,5.307168,7.1109548,5.3100886
7.1109548,5.3100886,7.1145253,9.8097754
7.1145253,9.8097754,7.1165485,12.309598
7.1165485,12.309598,7.6160669,12.2238722
7.6160669,12.2238722,7.6168485,13.2238064
7.6168485,13.2238064,7.9247737,13.1732168
7.9247737,13.1732168,7.9221659,9.6734257
7.9221659,9.6734257,8.0387115,9.6548138
8.0387115,9.6548138,8.0365562,6.654985
8.0365562,6.654985,8.1947594,6.6302376

<CAP>
20.1150913,-11.6762342,20.1277313,-27.6419144
20.1277313,-27.6419144,20.4598637,-27.5913391
20.4598637,-27.5913391,21.4554424,-27.4596672
21.4554424,-27.4596672,21.4538517,-24.9597607
21.4538517,-24.9597607,21.9846859,-24.9040413

<CAR>
11.3389874,-64.6842651,11.3437281,-57.1843452
11.3437281,-57.1843452,11.0891504,-57.1744423
11.0891504,-57.1744423,8.8882437,-56.9739723
8.8882437,-56.9739723,8.8920116,-54.9742203
8.8920116,-54.9742203,8.5044746,-54.9204712
8.5044746,-54.9204712,8.5072861,-53.4206772
8.5072861,-53.4206772,8.2213411,-53.3782196
8.2213411,-53.3782196,8.2254086,-51.1285286
8.2254086,-51.1285286,8.0574465,-51.1025848
8.0574465,-51.1025848,6.0499268,-50.7545471
6.0499268,-50.7545471,6.046247,-52.5042114
6.046247,-52.5042114,6.2129569,-52.5345764
6.2129569,-52.5345764,6.20716,-55.03405
6.20716,-55.03405,6.5409517,-55.0945587
6.5409517,-55.0945587,6.5330052,-58.0938416
6.5330052,-58.0938416,6.8674078,-58.1537018
6.8674078,-58.1537018,6.8468876,-64.1518784
6.8468876,-64.1518784,9.0729818,-64.4990387
9.0729818,-64.4990387,9.0162458,-75.4954681
9.0162458,-75.4954681,11.3237982,-75.6840134
11.3237982,-75.6840134,11.3389874,-64.6842651

<CAS>
23.4301929,53.1870041,22.9561901,53.1680298
22.9561901,53.1680298,22.9536018,56.9179611
22.9536018,56.9179611,22.9512749,59.7512321
22.9512749,59.7512321,23.2573109,59.7646751
23.2573109,59.7646751,23.2544327,63.6812897
23.2544327,63.6812897,23.6811714,63.6928787
23.6811714,63.6928787,23.6798573,66.6928711
23.6798573,66.6928711,0.4509176,66.6924438
0.4509176,66.6924438,0.4615276,77.6923447
0.4615276,77.6923447,3.6872499,77.4163132
3.6872499,77.4163132,3.6158023,68.4214401
3.6158023,68.4214401,3.2930305,68.4662857
3.2930305,68.4662857,3.260062,57.4684982
3.260062,57.4684982,2.5841558,57.5513
2.5841558,57.5513,2.5868237,59.0511551
2.5868237,59.0511551,2.0530417,59.1046104
2.0530417,59.1046104,2.0515749,58.1046753
2.0515749,58.1046753,1.8396815,58.1227188
1.8396815,58.1227188,1.8355761,54.6228828
1.8355761,54.6228828,1.4970676,54.6477699
1.4970676,54.6477699,1.4938624,50.6478767
1.4938624,50.6478767,1.2403936,50.6632347
1.2403936,50.6632347,1.2392272,48.663269
1.2392272,48.663269,0.9859245,48.6757393
0.9859245,48.6757393,0.9850718,46.6757545
0.9850718,46.6757545,0.2762186,46.6949348
0.2762186,46.6949348,0.2764245,48.6949348
0.2764245,48.6949348,23.6850719,48.6929169
23.6850719,48.6929169,23.6847038,50.6929131
23.6847038,50.6929131,23.4310455,50.6870193
23.4310455,50.6870193,23.4301929,53.1870041

<CEN>
12.3593531,-35.6938896,11.0986242,-35.6746559
11.0986242,-35.6746559,11.0971003,-40.4246216
11.0971003,-40.4246216,11.0891504,-57.1744423
11.0891504,-57.1744423,11.3437281,-57.1843452
11.3437281,-57.1843452,11.3389874,-64.6842651
11.3389874,-64.6842651,11.9371576,-64.6957855
11.9371576,-64.6957855,11.9380512,-55.6957932
11.9380512,-55.6957932,12.9556341,-55.6771049
12.9556341,-55.6771049,12.9625587,-64.6769638
12.9625587,-64.6769638,13.6453524,-64.6379395
13.6453524,-64.6379395,14.7009983,-64.5390244
14.7009983,-64.5390244,14.6822977,-55.5400887
14.6822977,-55.5400887,14.3104544,-55.5799522
14.3104544,-55.5799522,14.2966843,-42.5806465
14.2966843,-42.5806465,15.0530853,-42.494175
15.0530853,-42.494175,15.0420513,-29.9948788
15.0420513,-29.9948788,12.6944933,-30.1863899
12.6944933,-30.1863899,12.6951466,-33.6863785
12.6951466,-33.6863785,12.3591623,-33.6938934
12.3591623,-33.6938934,12.3593531,-35.6938896

<CEP>
20.5811062,59.9322395,20.0382175,59.851078
20.0382175,59.851078,20.0323467,61.8506203
20.0323467,61.8506203,20.4541245,61.9143791
20.4541245,61.9143791,20.4344921,67.4129562
20.4344921,67.4129562,20.6889343,67.449028
20.6889343,67.449028,20.6382027,75.4455261
20.6382027,75.4455261,20.1248932,75.3708725
20.1248932,75.3708725,20.04492,80.3647766
20.04492,80.3647766,20.9137249,80.4867859
20.9137249,80.4867859,20.581398,86.4656219
20.581398,86.4656219,20.5554237,86.6306305
20.5554237,86.6306305,22.9007111,86.8368912
22.9007111,86.8368912,22.6173992,88.663887
22.6173992,88.663887,1.6471782,88.6563721
1.6471782,88.6563721,9.0554981,87.5689163
9.0554981,87.5689163,8.6935167,86.0975418
8.6935167,86.0975418,8.530241,84.6103745
8.530241,84.6103745,5.6357412,85.1239471
5.6357412,85.1239471,5.3659263,80.14785
5.3659263,80.14785,3.835366,80.3986664
3.835366,80.3986664,3.7817473,77.4025955
3.7817473,77.4025955,3.6872499,77.4163132
3.6872499,77.4163132,0.4615276,77.6923447
0.4615276,77.6923447,0.4509176,66.6924438
0.4509176,66.6924438,23.6798573,66.6928711
23.6798573,66.6928711,23.6811714,63.6928787
23.6811714,63.6928787,23.2544327,63.6812897
23.2544327,63.6812897,23.2573109,59.7646751
23.2573109,59.7646751,22.9512749,59.7512321
22.9512749,59.7512321,22.9536018,56.9179611
22.9536018,56.9179611,22.394062,56.882576
22.394062,56.882576,22.3954201,55.6326256
22.3954201,55.6326256,22.2091751,55.6178436
22.2091751,55.6178436,22.2116451,53.3679428
22.2116451,53.3679428,22.042614,53.3532715
22.042614,53.3532715,22.0401459,55.4364891
22.0401459,55.4364891,20.6554241,55.2753258
20.6554241,55.2753258,20.6415863,61.3576965
20.6415863,61.3576965,20.5773869,61.3486443
20.5773869,61.3486443,20.5811062,59.9322395

<CET>
0.4395135,-6.3074551,0.4400886,0.6925398
0.4400886,0.6925398,0.4402525,2.6925383
0.4402525,2.6925383,2.1076844,2.5978806
2.1076844,2.5978806,2.1110165,10.5143948
2.1110165,10.5143948,3.3964274,10.3632069
3.3964274,10.3632069,3.3901989,0.4469725
3.3901989,0.4469725,3.3891122,-1.3029516
3.3891122,-1.3029516,2.7559481,-1.2210265
2.7559481,-1.2210265,2.7432506,-23.8536034
2.7432506,-23.8536034,1.7643999,-23.756258
1.7643999,-23.756258,1.7639259,-24.8729095
1.7639259,-24.8729095,23.9407043,-24.8042011
23.9407043,-24.8042011,23.9402199,-6.3042021
23.9402199,-6.3042021,0.4395135,-6.3074551

<CHA>
7.6143136,-75.289917,7.4434743,-82.7758865
7.4434743,-82.7758865,13.9407406,-83.1200714
13.9407406,-83.1200714,13.8520956,-75.6235962
13.8520956,-75.6235962,11.3237982,-75.6840134
11.3237982,-75.6840134,9.0162458,-75.4954681
9.0162458,-75.4954681,7.6143136,-75.289917

<CIR>
14.7009983,-64.5390244,13.6453524,-64.6379395
13.6453524,-64.6379395,13.6471653,-65.6378784
13.6471653,-65.6378784,13.8178682,-65.6249542
13.8178682,-65.6249542,13.8307247,-70.6244431
13.8307247,-70.6244431,14.9444294,-70.5115433
14.9444294,-70.5115433,14.9335756,-68.012207
14.9335756,-68.012207,15.1038084,-67.9909286
15.1038084,-67.9909286,15.0902357,-64.0751266
15.0902357,-64.0751266,15.3444386,-64.0415649
15.3444386,-64.0415649,15.3369713,-61.4587479
15.3369713,-61.4587479,15.5059843,-61.4353065
15.5059843,-61.4353065,15.5033245,-60.4354935
15.5033245,-60.4354935,15.4921274,-55.4362831
15.4921274,-55.4362831,15.2055674,-55.4754944
15.2055674,-55.4754944,14.6822977,-55.5400887
14.6822977,-55.5400887,14.7009983,-64.5390244

<COL>
6.0634518,-43.0057793,5.0649629,-42.8255501
5.0836625,-27.0772038,6.1995044,-27.2787991
6.1995044,-27.2787991,6.1932712,-33.0282326
6.1932712,-33.0282326,6.6602573,-33.1128159
6.6602573,-33.1128159,6.6472611,-43.1116486
6.6472611,-43.1116486,6.0634518,-43.0057793

<COM>
12.9374685,13.3225126,11.9736357,13.3040485
11.9736357,13.3040485,11.9739294,28.3040466
11.9739294,28.3040466,12.1063776,28.3039627
12.1063776,28.3039627,12.1063004,33.3039627
12.1063004,33.3039627,12.4369507,33.3074303
12.4369507,33.3074303,12.4371796,31.3074341
12.4371796,31.3074341,13.3471832,31.3437366
13.3471832,31.3437366,13.3484383,27.8437748
13.3484383,27.8437748,13.5969248,27.8603134
13.5969248,27.8603134,13.6019287,14.3604937
13.6019287,14.3604937,12.9372711,14.3225088
12.9372711,14.3225088,12.9374685,13.3225126

<CRA>
17.9872856,-45.516346,17.9750309,-37.0174599
17.9750309,-37.0174599,19.3064213,-36.7785645
19.3064213,-36.7785645,19.317976,-45.277565
19.317976,-45.277565,18.1539345,-45.4859734
18.1539345,-45.4859734,17.9872856,-45.516346

<CRB>
16.1203823,25.6641407,15.2733011,25.5380573
15.2733011,25.5380573,15.2677279,32.5376778
15.2677279,32.5376778,15.5164652,32.5726128
15.5164652,32.5726128,15.5095768,39.572113
15.5095768,39.572113,15.8243618,39.6189079
15.8243618,39.6189079,16.4047966,39.7117195
16.4047966,39.7117195,16.4186535,26.7128716
16.4186535,26.7128716,16.2524471,26.685524
16.2524471,26.685524,16.2533455,25.6855946
16.2533455,25.6855946,16.1203823,25.6641407

<CRV>
12.944458,-22.6773415,12.9422035,-11.6773882
12.9422035,-11.6773882,11.939784,-11.695797
11.939784,-11.695797,11.9394207,-25.1957951
11.9394207,-25.1957951,12.693635,-25.1864014
12.693635,-25.1864014,12.6932335,-22.686409
12.6932335,-22.686409,12.944458,-22.6773415

<CRT>
11.6228199,-6.6916924,10.8551426,-6.662179
10.8551426,-6.662179,10.8538609,-11.6621428
10.8538609,-11.6621428,10.8517027,-19.6620827
10.8517027,-19.6620827,10.9353724,-19.6666222
10.9353724,-19.6666222,10.9338722,-25.1665821
10.9338722,-25.1665821,11.9394207,-25.1957951
11.9394207,-25.1957951,11.939784,-11.695797
11.939784,-11.695797,11.9399071,-6.6957974
11.9399071,-6.6957974,11.6228199,-6.6916924

<CRU>
12.9556341,-55.6771049,11.9380512,-55.6957932
11.9380512,-55.6957932,11.9371576,-64.6957855
11.9371576,-64.6957855,12.9625587,-64.6769638
12.9625587,-64.6769638,12.9556341,-55.6771049

<CYG>
19.7514801,27.8011742,19.3421764,27.7324085
19.3421764,27.7324085,19.3396835,30.2321968
19.3396835,30.2321968,19.4399185,30.2493153
19.4399185,30.2493153,19.4328403,36.7487144
19.4328403,36.7487144,19.4746437,36.7558022
19.4746437,36.7558022,19.4655685,43.7550354
19.4655685,43.7550354,19.2313538,43.7149391
19.2313538,43.7149391,19.2250347,47.7143936
19.2250347,47.7143936,19.1413765,47.6998672
19.1413765,47.6998672,19.1250973,55.6984482
19.1250973,55.6984482,19.4603062,55.7560043
19.4603062,55.7560043,19.45397,58.2554703
19.45397,58.2554703,19.8067036,58.3138733
19.8067036,58.3138733,19.8026161,59.8135414
19.8026161,59.8135414,20.0382175,59.851078
20.0382175,59.851078,20.5811062,59.9322395
20.5811062,59.9322395,20.5773869,61.3486443
20.5773869,61.3486443,20.6415863,61.3576965
20.6415863,61.3576965,20.6554241,55.2753258
20.6554241,55.2753258,22.0401459,55.4364891
22.0401459,55.4364891,22.042614,53.3532715
22.042614,53.3532715,22.0508442,44.6036453
22.0508442,44.6036453,21.9919071,44.5982513
21.9919071,44.5982513,21.9921093,44.3482628
21.9921093,44.3482628,21.9584427,44.3451195
21.9584427,44.3451195,21.9640675,36.5953827
21.9640675,36.5953827,21.821331,36.5815468
21.821331,36.5815468,21.8263454,28.5817947
21.8263454,28.5817947,21.5080109,28.5480537
21.5080109,28.5480537,21.0055943,28.4871883
21.0055943,28.4871883,21.0048389,29.4871387
21.0048389,29.4871387,19.7500629,29.3010578
19.7500629,29.3010578,19.7514801,27.8011742

<DEL>
20.9387398,2.4773185,20.6386585,2.4360874
20.6386585,2.4360874,20.4052734,2.4021468
20.4052734,2.4021468,20.4009304,8.901824
20.4009304,8.901824,20.242445,8.8779116
20.242445,8.8779116,20.2372665,16.1275158
20.2372665,16.1275158,20.3457966,16.1439629
20.3457966,16.1439629,20.3422699,20.8936996
20.3422699,20.8936996,20.6597958,20.9399471
20.6597958,20.9399471,20.660511,19.9399967
20.660511,19.9399967,21.1452522,20.0046406
21.1452522,20.0046406,21.1498909,12.3382607
21.1498909,12.3382607,20.9745731,12.3157644
20.9745731,12.3157644,20.9780731,6.4826641
20.9780731,6.4826641,20.936367,6.4771614
20.936367,6.4771614,20.9387398,2.4773185

<DOR>
3.8918111,-50.6304779,3.8879192,-52.7968445
3.8879192,-52.7968445,4.0531931,-52.8228111
4.0531931,-52.8228111,4.0461946,-56.1555862
4.0461946,-56.1555862,4.3766975,-56.2093849
4.3766975,-56.2093849,4.370306,-58.7088547
4.370306,-58.7088547,4.6183023,-58.7506638
4.6183023,-58.7506638,4.5862679,-67.2479248
4.5862679,-67.2479248,4.5721016,-69.7467194
4.5721016,-69.7467194,6.5636282,-70.1041336
6.5636282,-70.1041336,6.5958166,-64.1070251
6.5958166,-64.1070251,6.0115762,-64.0010529
6.0115762,-64.0010529,6.0230041,-61.0020981
6.0230041,-61.0020981,5.5238409,-60.9112892
5.5238409,-60.9112892,5.5345869,-57.412262
5.5345869,-57.412262,5.0365162,-57.32304
5.0365162,-57.32304,5.0451345,-53.8238029
5.0451345,-53.8238029,4.5478497,-53.7376366
4.5478497,-53.7376366,4.5574832,-48.7384491
4.5574832,-48.7384491,4.3254924,-48.6996651
4.3254924,-48.6996651,4.1433272,-48.6699715
4.1433272,-48.6699715,4.1399093,-50.6697006
4.1399093,-50.6697006,3.8918111,-50.6304779

<DRA>
11.4640913,72.8125,9.3743649,72.9741364
9.3743649,72.9741364,9.479413,81.4677658
9.479413,81.4677658,10.8736944,81.3396072
10.8736944,81.3396072,10.8545732,79.3401794
10.8545732,79.3401794,11.6354389,79.308342
11.6354389,79.308342,11.6289864,76.3084106
11.6289864,76.3084106,13.0547075,76.3289108
13.0547075,76.3289108,13.0731649,69.329361
13.0731649,69.329361,14.0433874,69.3991165
14.0433874,69.3991165,14.0547037,65.3996506
14.0547037,65.3996506,15.6886377,65.6023483
15.6886377,65.6023483,15.670042,69.6009445
15.670042,69.6009445,16.5227375,69.7383041
16.5227375,69.7383041,16.4813805,74.734787
16.4813805,74.734787,17.4357758,74.9033127
17.4357758,74.9033127,17.3478603,79.8953476
17.3478603,79.8953476,17.8437347,79.9857483
17.8437347,79.9857483,17.4481487,85.9495697
17.4481487,85.9495697,20.581398,86.4656219
20.581398,86.4656219,20.9137249,80.4867859
20.9137249,80.4867859,20.04492,80.3647766
20.04492,80.3647766,20.1248932,75.3708725
20.1248932,75.3708725,20.6382027,75.4455261
20.6382027,75.4455261,20.6889343,67.449028
20.6889343,67.449028,20.4344921,67.4129562
20.4344921,67.4129562,20.4541245,61.9143791
20.4541245,61.9143791,20.0323467,61.8506203
20.0323467,61.8506203,20.0382175,59.851078
20.0382175,59.851078,19.8026161,59.8135414
19.8026161,59.8135414,19.8067036,58.3138733
19.8067036,58.3138733,19.45397,58.2554703
19.45397,58.2554703,19.4603062,55.7560043
19.4603062,55.7560043,19.1250973,55.6984482
19.1250973,55.6984482,19.1413765,47.6998672
19.1413765,47.6998672,18.2894917,47.5476036
18.2894917,47.5476036,18.2838459,50.5470886
18.2838459,50.5470886,17.0524235,50.3244438
17.0524235,50.3244438,17.0504551,51.3242683
17.0504551,51.3242683,15.8083057,51.1176796
15.8083057,51.1176796,15.8056316,52.6174774
15.8056316,52.6174774,15.3104916,52.5451736
15.3104916,52.5451736,15.3060703,55.0448647
15.3060703,55.0448647,14.4834166,54.9422379
14.4834166,54.9422379,14.4696836,62.4414825
14.4696836,62.4414825,13.5715761,62.3593979
13.5715761,62.3593979,13.5700359,63.3593445
13.5700359,63.3593445,12.1054373,63.3039627
12.1054373,63.3039627,12.1052837,65.8039627
12.1052837,65.8039627,11.4566231,65.8126068
11.4566231,65.8126068,11.4640913,72.8125

<EQU>
21.4388981,2.5393796,20.9387398,2.4773185
20.9387398,2.4773185,20.936367,6.4771614
20.936367,6.4771614,20.9780731,6.4826641
20.9780731,6.4826641,20.9745731,12.3157644
20.9745731,12.3157644,21.1498909,12.3382607
21.1498909,12.3382607,21.2166843,12.3465548
21.2166843,12.3465548,21.216301,13.0132008
21.216301,13.0132008,21.4334068,13.0390635
21.4334068,13.0390635,21.4388981,2.5393796

<ERI>
3.6890388,-1.3461887,3.6901937,0.4037257
3.6901937,0.4037257,4.7234907,0.2375014
4.7234907,0.2375014,4.7734876,0.2289162
4.7734876,0.2289162,4.7704239,-3.7708201
4.7704239,-3.7708201,5.1869597,-3.8437285
5.1869597,-3.8437285,5.1813354,-10.8432293
5.1813354,-10.8432293,5.0147834,-10.8138046
5.0147834,-10.8138046,5.0119143,-14.3135529
5.0119143,-14.3135529,4.9286532,-14.2989721
4.9286532,-14.2989721,4.9172864,-27.0479794
4.3384275,-39.7007294,3.9403923,-39.6368256
3.9403923,-39.6368256,3.9354243,-43.6364403
3.9354243,-43.6364403,3.4884515,-43.5694046
3.4884515,-43.5694046,3.4859335,-45.5692215
3.4859335,-45.5692215,3.0727181,-45.5124779
3.0727181,-45.5124779,3.0689676,-48.5122337
3.0689676,-48.5122337,2.7390206,-48.4710045
2.7390206,-48.4710045,2.7365129,-50.4708595
2.7365129,-50.4708595,2.489414,-50.4425697
2.489414,-50.4425697,2.4855564,-53.4423561
2.4855564,-53.4423561,2.2389429,-53.4164696
2.2389429,-53.4164696,2.2326283,-57.9161568
2.2326283,-57.9161568,1.4137486,-57.8484154
1.4137486,-57.8484154,1.4182175,-52.8485603
1.4182175,-52.8485603,1.6644903,-52.8658562
1.6644903,-52.8658562,1.6662565,-50.865921
1.6662565,-50.865921,1.9128838,-50.8859215
1.9128838,-50.8859215,1.9158882,-47.5527229
1.9158882,-47.5527229,2.4101965,-47.6004944
2.4101965,-47.6004944,2.4176009,-39.4342155
2.4176009,-39.4342155,3.0791507,-39.5128975
3.0791507,-39.5128975,3.0795548,-39.0962563
3.0795548,-39.0962563,3.5762856,-39.1650963
3.5762856,-39.1650963,3.5799737,-35.5820351
3.5799737,-35.5820351,3.8287008,-35.6192436
3.8287008,-35.6192436,3.8392601,-24.0033779
3.8392601,-24.0033779,2.7432506,-23.8536034
2.7432506,-23.8536034,2.7559481,-1.2210265
2.7559481,-1.2210265,3.3891122,-1.3029516
3.3891122,-1.3029516,3.6890388,-1.3461887

<FOR>
1.7639259,-24.8729095,1.7643999,-23.756258
1.7643999,-23.756258,2.7432506,-23.8536034
2.7432506,-23.8536034,3.8392601,-24.0033779
3.8392601,-24.0033779,3.8287008,-35.6192436
3.8287008,-35.6192436,3.5799737,-35.5820351
3.5799737,-35.5820351,3.5762856,-39.1650963
3.5762856,-39.1650963,3.0795548,-39.0962563
3.0795548,-39.0962563,3.0791507,-39.5128975
3.0791507,-39.5128975,2.4176009,-39.4342155
2.4176009,-39.4342155,1.7567152,-39.3726234
1.7567152,-39.3726234,1.7639259,-24.8729095

<GEM>
7.049521,11.8213453,6.4248509,11.9332972
6.4248509,11.9332972,6.4295945,17.4328651
6.4295945,17.4328651,6.3379717,17.4495068
6.3379717,17.4495068,6.3416085,21.4491768
6.3416085,21.4491768,6.0083437,21.5098724
6.0083437,21.5098724,6.0096025,22.8430862
6.0096025,22.8430862,6.0147381,28.0092907
6.0147381,28.0092907,6.6643772,27.8913116
6.6643772,27.8913116,6.6726851,35.390564
6.6726851,35.390564,7.5040479,35.2445297
7.5040479,35.2445297,7.8859806,35.1810532
7.8859806,35.1810532,7.883872,33.1812286
7.883872,33.1812286,8.1328821,33.1415138
8.1328821,33.1415138,8.1277313,27.6419144
8.1277313,27.6419144,8.0114431,27.6602821
8.0114431,27.6602821,8.0046749,19.66082
8.0046749,19.66082,7.9298363,19.6728077
7.9298363,19.6728077,7.9247737,13.1732168
7.9247737,13.1732168,7.6168485,13.2238064
7.6168485,13.2238064,7.6160669,12.2238722
7.6160669,12.2238722,7.1165485,12.309598
7.1165485,12.309598,7.1145253,9.8097754
7.1145253,9.8097754,7.0478973,9.8214874
7.0478973,9.8214874,7.049521,11.8213453

<GRU>
23.1151676,-36.3249741,21.4618702,-36.4592972
21.4618702,-36.4592972,21.4694881,-44.9588585
21.4694881,-44.9588585,21.4744911,-49.4585724
21.4744911,-49.4585724,22.133255,-49.3911743
22.133255,-49.3911743,22.140913,-56.3908348
22.140913,-56.3908348,23.4512348,-56.3126869
23.4512348,-56.3126869,23.4461803,-39.3127594
23.4461803,-39.3127594,23.4455585,-36.312767
23.4455585,-36.312767,23.1151676,-36.3249741

<HER>
16.8537273,3.7852108,16.370573,3.7033811
16.370573,3.7033811,16.1873112,3.6735139
16.1873112,3.6735139,16.178442,15.6728001
16.178442,15.6728001,16.0120716,15.6463346
16.0120716,15.6463346,16.0074005,21.6459675
16.0074005,21.6459675,16.1237717,21.6644115
16.1237717,21.6644115,16.1203823,25.6641407
16.1203823,25.6641407,16.2533455,25.6855946
16.2533455,25.6855946,16.2524471,26.685524
16.2524471,26.685524,16.4186535,26.7128716
16.4186535,26.7128716,16.4047966,39.7117195
16.4047966,39.7117195,15.8243618,39.6189079
15.8243618,39.6189079,15.8083057,51.1176796
15.8083057,51.1176796,17.0504551,51.3242683
17.0504551,51.3242683,17.0524235,50.3244438
17.0524235,50.3244438,18.2838459,50.5470886
18.2838459,50.5470886,18.2894917,47.5476036
18.2894917,47.5476036,18.2311249,47.5369873
18.2311249,47.5369873,18.2549591,30.039156
18.2549591,30.039156,18.4467182,30.0739765
18.4467182,30.0739765,18.4508591,26.0743504
18.4508591,26.0743504,18.9513245,26.1640968
18.9513245,26.1640968,18.9518108,25.6641407
18.9518108,25.6641407,18.9559422,21.2478352
18.9559422,21.2478352,18.9582424,18.6647091
18.9582424,18.6647091,18.9637508,12.1651964
18.9637508,12.1651964,18.759203,12.1287737
18.759203,12.1287737,18.3468723,12.0543308
18.3468723,12.0543308,18.3448849,14.3874788
18.3448849,14.3874788,17.3451252,14.2060347
17.3451252,14.2060347,17.3463898,12.7061481
17.3463898,12.7061481,16.8467655,12.617938
16.8467655,12.617938,16.8537273,3.7852108

<HOR>
3.9403923,-39.6368256,4.3384275,-39.7007294
3.8879192,-52.7968445,3.5576668,-52.7470779
3.5576668,-52.7470779,3.5491211,-57.0797844
3.5491211,-57.0797844,3.2527421,-57.0377846
3.2527421,-57.0377846,3.2241793,-67.03582
3.2241793,-67.03582,2.2134907,-66.9151917
2.2134907,-66.9151917,2.2326283,-57.9161568
2.2326283,-57.9161568,2.2389429,-53.4164696
2.2389429,-53.4164696,2.4855564,-53.4423561
2.4855564,-53.4423561,2.489414,-50.4425697
2.489414,-50.4425697,2.7365129,-50.4708595
2.7365129,-50.4708595,2.7390206,-48.4710045
2.7390206,-48.4710045,3.0689676,-48.5122337
3.0689676,-48.5122337,3.0727181,-45.5124779
3.0727181,-45.5124779,3.4859335,-45.5692215
3.4859335,-45.5692215,3.4884515,-43.5694046
3.4884515,-43.5694046,3.9354243,-43.6364403
3.9354243,-43.6364403,3.9403923,-39.6368256

<HYA>
8.1822786,-11.3687992,8.1899338,-0.36939
8.1899338,-0.36939,8.1947594,6.6302376
8.1947594,6.6302376,9.3602839,6.4700689
9.3602839,6.4700689,9.6932278,6.4327669
9.6932278,6.4327669,9.6899271,-0.5670585
9.6899271,-0.5670585,9.6846848,-11.566781
9.6846848,-11.566781,10.8538609,-11.6621428
12.944458,-22.6773415,14.3675394,-22.5727749
14.3675394,-22.5727749,14.3689127,-25.0727024
14.3689127,-25.0727024,15.0384369,-24.9951096
15.0384369,-24.9951096,15.0420513,-29.9948788
9.460289,-24.5425186,9.1757851,-24.5086308
9.1757851,-24.5086308,9.178998,-19.508831
9.178998,-19.508831,8.6775675,-19.4423733
8.6775675,-19.4423733,8.678956,-17.4424706
8.678956,-17.4424706,8.4618063,-17.4112568
8.4618063,-17.4112568,8.4659853,-11.4115648
8.4659853,-11.4115648,8.1822786,-11.3687992

<HYI>
3.2241793,-67.03582,4.5862679,-67.2479248
4.5721016,-69.7467194,4.530499,-74.7431641
4.530499,-74.7431641,3.4717188,-74.5741272
3.4717188,-74.5741272,3.3394437,-82.0644531
3.3394437,-82.0644531,0.1022261,-81.8039551
0.1022261,-81.8039551,0.1044198,-74.3039627
0.1044198,-74.3039627,0.8221625,-74.318573
0.8221625,-74.318573,0.8196943,-75.3185272
0.8196943,-75.3185272,1.3769367,-75.3472214
1.3769367,-75.3472214,1.4137486,-57.8484154
1.4137486,-57.8484154,2.2326283,-57.9161568
2.2326283,-57.9161568,2.2134907,-66.9151917
2.2134907,-66.9151917,3.2241793,-67.03582

<IND>
21.4899101,-59.4576836,21.5456505,-74.4544678
21.5456505,-74.4544678,23.4665222,-74.3124619
23.4665222,-74.3124619,23.4574261,-66.8125992
23.4574261,-66.8125992,22.1599045,-66.8899918
22.1599045,-66.8899918,22.140913,-56.3908348
22.140913,-56.3908348,22.133255,-49.3911743
22.133255,-49.3911743,21.4744911,-49.4585724
21.4744911,-49.4585724,21.4694881,-44.9588585
21.4694881,-44.9588585,20.477953,-45.0900002
20.477953,-45.0900002,20.4972534,-56.5885773
20.4972534,-56.5885773,20.5043201,-59.5880547
20.5043201,-59.5880547,21.4899101,-59.4576836

<LAC>
22.0900307,36.6069069,21.9640675,36.5953827
21.9640675,36.5953827,21.9584427,44.3451195
21.9584427,44.3451195,21.9921093,44.3482628
21.9921093,44.3482628,21.9919071,44.5982513
21.9919071,44.5982513,22.0508442,44.6036453
22.0508442,44.6036453,22.042614,53.3532715
22.042614,53.3532715,22.2116451,53.3679428
22.2116451,53.3679428,22.2091751,55.6178436
22.2091751,55.6178436,22.3954201,55.6326256
22.3954201,55.6326256,22.394062,56.882576
22.394062,56.882576,22.9536018,56.9179611
22.9536018,56.9179611,22.9561901,53.1680298
22.9561901,53.1680298,22.9643536,35.1682358
22.9643536,35.1682358,22.9139462,35.1656151
22.9139462,35.1656151,22.9137688,35.6656113
22.9137688,35.6656113,22.0906372,35.6069336
22.0906372,35.6069336,22.0900307,36.6069069

<LEO>
10.8551426,-6.662179,10.8566475,-0.6622211
10.8566475,-0.6622211,10.8584013,6.3377299
10.8584013,6.3377299,9.6932278,6.4327669
9.6932278,6.4327669,9.3602839,6.4700689
9.3602839,6.4700689,9.376399,32.9691162
9.376399,32.9691162,10.0056257,32.9022789
10.0056257,32.9022789,10.0028229,27.9024086
10.0028229,27.9024086,10.6158934,27.8529167
10.6158934,27.8529167,10.6140585,22.8529778
10.6140585,22.8529778,10.8628359,22.8376045
10.8628359,22.8376045,10.8634329,24.8375893
10.8634329,24.8375893,11.1120625,24.8250446
11.1120625,24.8250446,11.1129332,28.3250256
11.1129332,28.3250256,11.9739294,28.3040466
11.9739294,28.3040466,11.9736357,13.3040485
11.9736357,13.3040485,11.9735823,10.3040485
11.9735823,10.3040485,11.6243792,10.3082914
11.6243792,10.3082914,11.6233683,-0.6916979
11.6233683,-0.6916979,11.6228199,-6.6916924

<LMI>
10.0056257,32.9022789,9.376399,32.9691162
9.376399,32.9691162,9.3814421,39.2188187
9.3814421,39.2188187,9.7121315,39.1817665
9.7121315,39.1817665,9.7139492,41.431675
9.7139492,41.431675,10.2918816,41.3773613
10.2918816,41.3773613,10.2906275,39.3774109
10.2906275,39.3774109,10.9015446,39.3356133
10.9015446,39.3356133,10.8992939,33.3356781
10.8992939,33.3356781,11.1142817,33.3249931
11.1142817,33.3249931,11.1129332,28.3250256
11.1129332,28.3250256,11.1120625,24.8250446
11.1120625,24.8250446,10.8634329,24.8375893
10.8634329,24.8375893,10.8628359,22.8376045
10.8628359,22.8376045,10.6140585,22.8529778
10.6140585,22.8529778,10.6158934,27.8529167
10.6158934,27.8529167,10.0028229,27.9024086
10.0028229,27.9024086,10.0056257,32.9022789

<LEP>
4.9172864,-27.0479794,5.0836625,-27.0772038
6.214375,-11.0301533,5.9310527,-10.9785318
5.9310527,-10.9785318,5.1813354,-10.8432293

<LIB>
15.1921301,-3.72416,15.1902008,-0.4742887
15.1902008,-0.4742887,14.7735395,-0.5269387
14.7735395,-0.5269387,14.7778072,-8.5266848
14.7778072,-8.5266848,14.3605671,-8.5731344
14.3605671,-8.5731344,14.3675394,-22.5727749
15.0420513,-29.9948788,15.795332,-29.889616
15.795332,-29.889616,15.7875376,-20.3902016
15.7875376,-20.3902016,16.0381184,-20.3516178
16.0381184,-20.3516178,16.0291519,-8.3523235
16.0291519,-8.3523235,16.0257969,-3.602587
16.0257969,-3.602587,15.1921301,-3.72416

<LUP>
14.2966843,-42.5806465,14.3104544,-55.5799522
14.3104544,-55.5799522,14.6822977,-55.5400887
14.6822977,-55.5400887,15.2055674,-55.4754944
15.2055674,-55.4754944,15.2037811,-54.4756165
15.2037811,-54.4756165,15.4902248,-54.4364166
15.4902248,-54.4364166,15.4804831,-48.4371071
15.4804831,-48.4371071,15.8164854,-48.3880234
15.8164854,-48.3880234,15.8083057,-42.3886375
15.8083057,-42.3886375,16.1435204,-42.3366776
16.1435204,-42.3366776,16.1298466,-29.8377628
16.1298466,-29.8377628,15.795332,-29.889616
15.795332,-29.889616,15.0420513,-29.9948788
15.0420513,-29.9948788,15.0530853,-42.494175
15.0530853,-42.494175,14.2966843,-42.5806465

<LYN>
7.8859806,35.1810532,7.5040479,35.2445297
7.5040479,35.2445297,7.5156083,44.2435493
7.5156083,44.2435493,6.9510202,44.3418388
6.9510202,44.3418388,6.9604239,49.8410034
6.9604239,49.8410034,6.6612973,49.8945885
6.6612973,49.8945885,6.6697354,53.8938293
6.6697354,53.8938293,6.2704911,53.9662552
6.2704911,53.9662552,6.2754059,55.9658089
6.2754059,55.9658089,6.2938304,61.9641266
6.2938304,61.9641266,7.1901035,61.8031464
7.1901035,61.8031464,7.1835465,59.8037262
7.1835465,59.8037262,8.1419401,59.6433983
8.1419401,59.6433983,8.5866089,59.5759888
8.5866089,59.5759888,8.5626736,46.5777283
8.5626736,46.5777283,9.3060474,46.4782791
9.3060474,46.4782791,9.3008327,41.4785957
9.3008327,41.4785957,9.7139492,41.431675
9.7139492,41.431675,9.7121315,39.1817665
9.7121315,39.1817665,9.3814421,39.2188187
9.3814421,39.2188187,9.376399,32.9691162
9.376399,32.9691162,8.1328821,33.1415138
8.1328821,33.1415138,7.883872,33.1812286
7.883872,33.1812286,7.8859806,35.1810532

<LYR>
19.3440876,25.7325745,18.9518108,25.6641407
18.9518108,25.6641407,18.9513245,26.1640968
18.9513245,26.1640968,18.4508591,26.0743504
18.4508591,26.0743504,18.4467182,30.0739765
18.4467182,30.0739765,18.2549591,30.039156
18.2549591,30.039156,18.2311249,47.5369873
18.2311249,47.5369873,18.2894917,47.5476036
18.2894917,47.5476036,19.1413765,47.6998672
19.1413765,47.6998672,19.2250347,47.7143936
19.2250347,47.7143936,19.2313538,43.7149391
19.2313538,43.7149391,19.4655685,43.7550354
19.4655685,43.7550354,19.4746437,36.7558022
19.4746437,36.7558022,19.4328403,36.7487144
19.4328403,36.7487144,19.4399185,30.2493153
19.4399185,30.2493153,19.3396835,30.2321968
19.3396835,30.2321968,19.3421764,27.7324085
19.3421764,27.7324085,19.3440876,25.7325745

<MEN>
7.4434743,-82.7758865,7.2679806,-85.2614441
7.2679806,-85.2614441,3.215528,-84.5553818
3.215528,-84.5553818,3.3394437,-82.0644531
3.3394437,-82.0644531,3.4717188,-74.5741272
3.4717188,-74.5741272,4.530499,-74.7431641
4.530499,-74.7431641,4.5721016,-69.7467194
6.5636282,-70.1041336,6.5180473,-75.1000366
6.5180473,-75.1000366,7.6143136,-75.289917

<MIC>
20.477953,-45.0900002,20.4598637,-27.5913391
21.4554424,-27.4596672,21.4618702,-36.4592972

<MON>
6.3451428,-4.0534163,6.3483787,-0.0537102
6.3483787,-0.0537102,6.3565354,9.9455481
6.3565354,9.9455481,6.4231777,9.9334478
6.4231777,9.9334478,6.4248509,11.9332972
6.4248509,11.9332972,7.049521,11.8213453
7.049521,11.8213453,7.0478973,9.8214874
7.0478973,9.8214874,7.1145253,9.8097754
7.1145253,9.8097754,7.1109548,5.3100886
7.1109548,5.3100886,7.1276183,5.307168
7.1276183,5.307168,7.1244931,1.3074419
7.1244931,1.3074419,7.3077946,1.2755718
7.3077946,1.2755718,7.3066444,-0.224329
7.3066444,-0.224329,8.1899338,-0.36939
8.1899338,-0.36939,8.1822786,-11.3687992
8.1822786,-11.3687992,7.4648933,-11.2521448
7.4648933,-11.2521448,6.214375,-11.0301533
5.9310527,-10.9785318,5.9368248,-3.9790573
5.9368248,-3.9790573,6.3451428,-4.0534163

<MUS>
11.9371576,-64.6957855,11.3389874,-64.6842651
11.3389874,-64.6842651,11.3237982,-75.6840134
11.3237982,-75.6840134,13.8520956,-75.6235962
13.8520956,-75.6235962,13.8307247,-70.6244431
13.8307247,-70.6244431,13.8178682,-65.6249542
13.8178682,-65.6249542,13.6471653,-65.6378784
13.6471653,-65.6378784,13.6453524,-64.6379395
13.6453524,-64.6379395,12.9625587,-64.6769638
12.9625587,-64.6769638,11.9371576,-64.6957855

<NOR>
15.4921274,-55.4362831,15.5033245,-60.4354935
15.5033245,-60.4354935,16.6023121,-60.2644577
16.5713749,-45.7670517,16.5663185,-42.2674789
16.5663185,-42.2674789,16.1435204,-42.3366776
16.1435204,-42.3366776,15.8083057,-42.3886375
15.8083057,-42.3886375,15.8164854,-48.3880234
15.8164854,-48.3880234,15.4804831,-48.4371071
15.4804831,-48.4371071,15.4902248,-54.4364166
15.4902248,-54.4364166,15.2037811,-54.4756165
15.2037811,-54.4756165,15.2055674,-55.4754944
15.2055674,-55.4754944,15.4921274,-55.4362831

<OCT>
0.1022261,-81.8039551,0.1022261,-81.8039551
0.1022261,-81.8039551,3.3394437,-82.0644531
3.3394437,-82.0644531,3.215528,-84.5553818
3.215528,-84.5553818,7.2679806,-85.2614441
7.2679806,-85.2614441,7.4434743,-82.7758865
18.2796707,-74.9745178,21.5456505,-74.4544678
23.4665222,-74.3124619,0.1044204,-74.3039627
0.1044204,-74.3039627,0.1022261,-81.8039551

<OPH>
16.3758926,-3.54618,16.3735085,-0.2963768
16.3735085,-0.2963768,16.370573,3.7033811
16.370573,3.7033811,16.8537273,3.7852108
16.8537273,3.7852108,16.8467655,12.617938
16.8467655,12.617938,17.3463898,12.7061481
17.3463898,12.7061481,17.3451252,14.2060347
17.3451252,14.2060347,18.3448849,14.3874788
18.3448849,14.3874788,18.3468723,12.0543308
18.3468723,12.0543308,18.759203,12.1287737
18.759203,12.1287737,18.7639046,6.3791943
18.7639046,6.3791943,18.3516407,6.3047633
18.3516407,6.3047633,18.3530674,4.554893
18.3530674,4.554893,18.5247421,4.5860157
18.5247421,4.5860157,18.5259533,3.0861249
18.5259533,3.0861249,18.3542824,3.0550034
18.3542824,3.0550034,18.3567066,0.0552235
18.3567066,0.0552235,17.9400692,-0.0206471
17.9400692,-0.0206471,17.9433136,-4.0203514
17.9433136,-4.0203514,18.0766449,-3.9960551
18.0766449,-3.9960551,18.0815811,-9.9956055
18.0815811,-9.9956055,17.7815838,-10.0502338
17.7815838,-10.0502338,17.78298,-11.7167768
17.78298,-11.7167768,17.6996269,-11.7319136
17.6996269,-11.7319136,17.6982327,-10.0653696
17.6982327,-10.0653696,17.2814713,-10.1404381
17.2814713,-10.1404381,17.2864952,-16.1399899
17.2864952,-16.1399899,17.7200127,-16.061882
17.7200127,-16.061882,17.7334557,-30.0606632
17.7334557,-30.0606632,16.8823566,-30.2123089
16.8823566,-30.2123089,16.8770447,-24.7960968
16.8770447,-24.7960968,16.3927631,-24.8781185
16.3927631,-24.8781185,16.3881989,-19.545166
16.3881989,-19.545166,16.4967117,-19.5271549
16.4967117,-19.5271549,16.495882,-18.5272255
16.495882,-18.5272255,16.3873787,-18.5452347
16.3873787,-18.5452347,16.3794136,-8.2958899
16.3794136,-8.2958899,16.0291519,-8.3523235
16.0257969,-3.602587,16.3758926,-3.54618

<ORI>
4.7734876,0.2289162,4.7234907,0.2375014
4.7234907,0.2375014,4.7356019,15.7364635
4.7356019,15.7364635,5.0859284,15.6755352
5.0859284,15.6755352,5.0863519,16.175499
5.0863519,16.175499,5.4532475,16.1101055
5.4532475,16.1101055,5.4528155,15.6101446
5.4528155,15.6101446,5.7195764,15.5619202
5.7195764,15.5619202,5.7170038,12.5621548
5.7170038,12.5621548,5.8836913,12.5318508
5.8836913,12.5318508,5.8884778,18.0314159
5.8884778,18.0314159,5.8217988,18.0435486
5.8217988,18.0435486,5.8262529,22.8764725
5.8262529,22.8764725,6.0096025,22.8430862
6.0096025,22.8430862,6.0083437,21.5098724
6.0083437,21.5098724,6.3416085,21.4491768
6.3416085,21.4491768,6.3379717,17.4495068
6.3379717,17.4495068,6.4295945,17.4328651
6.4295945,17.4328651,6.4248509,11.9332972
6.4248509,11.9332972,6.4231777,9.9334478
6.4231777,9.9334478,6.3565354,9.9455481
6.3565354,9.9455481,6.3483787,-0.0537102
6.3483787,-0.0537102,6.3451428,-4.0534163
6.3451428,-4.0534163,5.9368248,-3.9790573
5.9368248,-3.9790573,5.9310527,-10.9785318
5.1813354,-10.8432293,5.1869597,-3.8437285
5.1869597,-3.8437285,4.7704239,-3.7708201
4.7704239,-3.7708201,4.7734876,0.2289162

<PAV>
18.2186718,-67.4800797,18.2796707,-74.9745178
21.5456505,-74.4544678,21.4899101,-59.4576836
21.4899101,-59.4576836,20.5043201,-59.5880547
20.5043201,-59.5880547,20.4972534,-56.5885773
20.4972534,-56.5885773,18.1781502,-56.9837723
17.7183819,-67.571106,18.2186718,-67.4800797

<PEG>
21.5722847,2.5544112,21.4388981,2.5393796
21.4388981,2.5393796,21.4334068,13.0390635
21.4334068,13.0390635,21.216301,13.0132008
21.216301,13.0132008,21.2166843,12.3465548
21.2166843,12.3465548,21.1498909,12.3382607
21.1498909,12.3382607,21.1452522,20.0046406
21.1452522,20.0046406,21.3458939,20.0290813
21.3458939,20.0290813,21.3434467,24.0289364
21.3434467,24.0289364,21.5108013,24.0482101
21.5108013,24.0482101,21.5080109,28.5480537
21.5080109,28.5480537,21.8263454,28.5817947
21.8263454,28.5817947,21.821331,36.5815468
21.821331,36.5815468,21.9640675,36.5953827
21.9640675,36.5953827,22.0900307,36.6069069
22.0900307,36.6069069,22.0906372,35.6069336
22.0906372,35.6069336,22.9137688,35.6656113
22.9137688,35.6656113,22.9139462,35.1656151
22.9139462,35.1656151,22.9643536,35.1682358
22.9643536,35.1682358,23.6029453,35.1913109
23.6029453,35.1913109,23.6032772,32.7746468
23.6032772,32.7746468,23.8552055,32.7785072
23.8552055,32.7785072,23.8552494,32.0285034
23.8552494,32.0285034,0.1071318,32.0293655
0.1071318,32.0293655,0.1070811,28.6960354
0.1070811,28.6960354,0.1741895,28.6957588
0.1741895,28.6957588,0.1740011,22.6957588
0.1740011,22.6957588,0.2493763,22.6951923
0.2493763,22.6951923,0.2493281,21.6951923
0.2493281,21.6951923,0.2489412,13.1951942
0.2489412,13.1951942,0.1068783,13.1960354
0.1068783,13.1960354,0.1068487,10.6960354
0.1068487,10.6960354,23.9398079,10.695797
23.9398079,10.695797,23.9398689,8.195797
23.9398689,8.195797,22.8547611,8.1621685
22.8547611,8.1621685,22.8561478,2.6622071
22.8561478,2.6622071,22.1058178,2.6076074
22.1058178,2.6076074,22.105917,2.3576119
22.105917,2.3576119,21.7724724,2.325691
21.7724724,2.325691,21.7720146,3.3256676
21.7720146,3.3256676,21.5719166,3.3043909
21.5719166,3.3043909,21.5722847,2.5544112

<PER>
3.4951112,31.1003609,2.841892,31.1865025
2.841892,31.1865025,2.8444312,34.5196762
2.8444312,34.5196762,2.6934922,34.5375137
2.6934922,34.5375137,2.6956439,37.2873878
2.6956439,37.2873878,2.6452894,37.2931557
2.6452894,37.2931557,2.6590319,51.0423737
2.6590319,51.0423737,2.1782534,51.0925827
2.1782534,51.0925827,2.1747661,47.5927505
2.1747661,47.5927505,1.7954293,47.625843
1.7954293,47.625843,1.7979016,50.6257439
1.7979016,50.6257439,1.4938624,50.6478767
1.4938624,50.6478767,1.4970676,54.6477699
1.4970676,54.6477699,1.8355761,54.6228828
1.8355761,54.6228828,1.8396815,58.1227188
1.8396815,58.1227188,2.0515749,58.1046753
2.0515749,58.1046753,2.0530417,59.1046104
2.0530417,59.1046104,2.5868237,59.0511551
2.5868237,59.0511551,2.5841558,57.5513
2.5841558,57.5513,3.260062,57.4684982
3.260062,57.4684982,3.3275664,57.4593849
3.3275664,57.4593849,3.3236015,55.4596519
3.3236015,55.4596519,3.4921267,55.4362831
3.4921267,55.4362831,3.4875391,52.9366074
3.4875391,52.9366074,4.856019,52.7196465
4.856019,52.7196465,4.8304896,36.2218513
4.8304896,36.2218513,4.6382561,36.254715
4.6382561,36.254715,4.6324625,30.921875
4.6324625,30.921875,3.4951112,31.1003609

<PHE>
1.7567152,-39.3726234,23.4461803,-39.3127594
23.4461803,-39.3127594,23.4512348,-56.3126869
23.4512348,-56.3126869,23.4518929,-57.8126793
23.4518929,-57.8126793,1.4137486,-57.8484154

<PIC>
6.0499268,-50.7545471,6.0634518,-43.0057793
5.0649629,-42.8255501,4.8988247,-42.7963676
4.8988247,-42.7963676,4.8934722,-46.2959023
4.8934722,-46.2959023,4.5616064,-46.2387962
4.5616064,-46.2387962,4.5574832,-48.7384491
4.5574832,-48.7384491,4.5478497,-53.7376366
4.5478497,-53.7376366,5.0451345,-53.8238029
5.0451345,-53.8238029,5.0365162,-57.32304
5.0365162,-57.32304,5.5345869,-57.412262
5.5345869,-57.412262,5.5238409,-60.9112892
5.5238409,-60.9112892,6.0230041,-61.0020981
6.0230041,-61.0020981,6.0115762,-64.0010529
6.0115762,-64.0010529,6.5958166,-64.1070251
6.5958166,-64.1070251,6.8468876,-64.1518784
6.8468876,-64.1518784,6.8674078,-58.1537018
6.8674078,-58.1537018,6.5330052,-58.0938416
6.5330052,-58.0938416,6.5409517,-55.0945587
6.5409517,-55.0945587,6.20716,-55.03405
6.20716,-55.03405,6.2129569,-52.5345764
6.2129569,-52.5345764,6.046247,-52.5042114
6.046247,-52.5042114,6.0499268,-50.7545471

<PSC>
22.8576469,-3.3377509,22.8566475,0.6622211
22.8566475,0.6622211,22.8561478,2.6622071
22.8561478,2.6622071,22.8547611,8.1621685
22.8547611,8.1621685,23.9398689,8.195797
23.9398689,8.195797,23.9398079,10.695797
23.9398079,10.695797,0.1068487,10.6960354
0.1068487,10.6960354,0.1068783,13.1960354
0.1068783,13.1960354,0.2489412,13.1951942
0.2489412,13.1951942,0.2493281,21.6951923
0.2493281,21.6951923,0.9609877,21.6766376
0.9609877,21.6766376,0.9616043,24.4266243
0.9616043,24.4266243,0.8275661,24.4319324
0.8275661,24.4319324,0.8295376,33.6818962
0.8295376,33.6818962,1.5264951,33.6453705
1.5264951,33.6453705,1.524428,28.6454391
1.524428,28.6454391,1.784314,28.6262817
1.784314,28.6262817,1.7829783,25.6263351
1.7829783,25.6263351,1.7770489,10.5432396
1.7770489,10.5432396,2.1110165,10.5143948
2.1110165,10.5143948,2.1076844,2.5978806
2.1076844,2.5978806,0.4402525,2.6925383
0.4402525,2.6925383,0.4400886,0.6925398
0.4400886,0.6925398,0.4395135,-6.3074551
0.4395135,-6.3074551,23.9402199,-6.3042021
23.9402199,-6.3042021,23.9401474,-3.3042023
23.9401474,-3.3042023,22.8576469,-3.3377509

<PSA>
23.1151676,-36.3249741,23.1120644,-24.8250446
21.9846859,-24.9040413,21.4538517,-24.9597607
21.4538517,-24.9597607,21.4554424,-27.4596672
21.4618702,-36.4592972,23.1151676,-36.3249741

<PUP>
6.0634518,-43.0057793,6.0499268,-50.7545471
6.0499268,-50.7545471,8.0574465,-51.1025848
8.0574465,-51.1025848,8.0692186,-43.3535042
8.0692186,-43.3535042,8.4381542,-43.4095192
8.4381542,-43.4095192,8.4451866,-37.160038
8.4451866,-37.160038,8.4618063,-17.4112568

<PYX>
8.4618063,-17.4112568,8.678956,-17.4424706
8.678956,-17.4424706,8.6775675,-19.4423733
8.6775675,-19.4423733,9.178998,-19.508831
9.178998,-19.508831,9.1757851,-24.5086308
9.1757851,-24.5086308,9.460289,-24.5425186
9.4514399,-37.2920151,8.4451866,-37.160038

<RET>
4.5862679,-67.2479248,4.6183023,-58.7506638
4.6183023,-58.7506638,4.370306,-58.7088547
4.370306,-58.7088547,4.3766975,-56.2093849
4.3766975,-56.2093849,4.0461946,-56.1555862
4.0461946,-56.1555862,4.0531931,-52.8228111
4.0531931,-52.8228111,3.8879192,-52.7968445

<SGE>
19.0916996,18.6882229,18.9582424,18.6647091
18.9582424,18.6647091,18.9559422,21.2478352
18.9559422,21.2478352,19.3397541,21.3148155
19.3397541,21.3148155,19.3414192,19.3982983
19.3414192,19.3982983,19.9257126,19.4955387
19.9257126,19.4955387,19.924017,21.5787334
19.924017,21.5787334,20.3416939,21.6436558
20.3416939,21.6436558,20.3422699,20.8936996
20.3422699,20.8936996,20.3457966,16.1439629
20.3457966,16.1439629,20.2372665,16.1275158
20.2372665,16.1275158,19.9284,16.0790844
19.9284,16.0790844,19.9280777,16.4957294
19.9280777,16.4957294,19.0936985,16.3550682
19.0936985,16.3550682,19.0916996,18.6882229

<SGR>
18.9829369,-11.866436,18.986248,-15.8328123
18.986248,-15.8328123,18.3699684,-15.943572
18.3699684,-15.943572,17.7200127,-16.061882
17.7334557,-30.0606632,17.9668541,-30.0182076
17.9668541,-30.0182076,17.9750309,-37.0174599
19.317976,-45.277565,20.477953,-45.0900002
20.4598637,-27.5913391,20.1277313,-27.6419144
20.1277313,-27.6419144,20.1150913,-11.6762342

<SCO>
16.0291519,-8.3523235,16.3794136,-8.2958899
16.3794136,-8.2958899,16.3873787,-18.5452347
16.3873787,-18.5452347,16.495882,-18.5272255
16.495882,-18.5272255,16.4967117,-19.5271549
16.4967117,-19.5271549,16.3881989,-19.545166
16.3881989,-19.545166,16.3927631,-24.8781185
16.3927631,-24.8781185,16.8770447,-24.7960968
16.8770447,-24.7960968,16.8823566,-30.2123089
16.8823566,-30.2123089,17.7334557,-30.0606632
17.9750309,-37.0174599,17.9872856,-45.516346
17.9872856,-45.516346,16.5713749,-45.7670517

<SCL>
23.1120644,-24.8250446,23.9407043,-24.8042011
23.9407043,-24.8042011,1.7639259,-24.8729095
1.7639259,-24.8729095,1.7567152,-39.3726234

<SCT>
18.3599415,-3.9444826,18.3699684,-15.943572
18.3699684,-15.943572,18.986248,-15.8328123
18.986248,-15.8328123,18.9829369,-11.866436
18.6932125,-3.884223,18.3599415,-3.9444826

<SER1>
15.1902008,-0.4742887,15.1854324,7.525393
15.1854324,7.525393,15.1736994,25.5246105
15.1736994,25.5246105,15.2733011,25.5380573
15.2733011,25.5380573,16.1203823,25.6641407
16.1203823,25.6641407,16.1237717,21.6644115
16.1237717,21.6644115,16.0074005,21.6459675
16.0074005,21.6459675,16.0120716,15.6463346
16.0120716,15.6463346,16.178442,15.6728001
16.178442,15.6728001,16.1873112,3.6735139
16.1873112,3.6735139,16.370573,3.7033811
16.370573,3.7033811,16.3735085,-0.2963768
16.3735085,-0.2963768,16.3758926,-3.54618
16.3758926,-3.54618,16.0257969,-3.602587

<SER2>
17.9400692,-0.0206471,18.3567066,0.0552235
18.3567066,0.0552235,18.3542824,3.0550034
18.3542824,3.0550034,18.5292816,3.0867271
18.5292816,3.0867271,18.5280704,4.5866175
18.5280704,4.5866175,18.3530674,4.554893
18.3530674,4.554893,18.3516407,6.3047633
18.3516407,6.3047633,18.7639046,6.3791943
18.7639046,6.3791943,18.968399,6.4156075
18.968399,6.4156075,18.9717617,2.1659052
18.9717617,2.1659052,18.6884155,2.115346
18.6884155,2.115346,18.6900139,0.1154895
18.6900139,0.1154895,18.6932125,-3.884223
17.7200127,-16.061882,17.2864952,-16.1399899
17.2864952,-16.1399899,17.2814713,-10.1404381
17.2814713,-10.1404381,17.6982327,-10.0653696
17.6982327,-10.0653696,17.6996269,-11.7319136
17.6996269,-11.7319136,17.78298,-11.7167768
17.78298,-11.7167768,17.7815838,-10.0502338
17.7815838,-10.0502338,18.0815811,-9.9956055
18.0815811,-9.9956055,18.0766449,-3.9960551
18.0766449,-3.9960551,17.9433136,-4.0203514
17.9433136,-4.0203514,17.9400692,-0.0206471

<SEX>
9.6846848,-11.566781,9.6899271,-0.5670585
9.6899271,-0.5670585,9.6932278,6.4327669
9.6932278,6.4327669,10.8584013,6.3377299
10.8584013,6.3377299,10.8566475,-0.6622211
10.8566475,-0.6622211,10.8551426,-6.662179
10.8538609,-11.6621428,9.6846848,-11.566781

<TAU>
3.6890388,-1.3461887,3.3891122,-1.3029516
3.3891122,-1.3029516,3.3901989,0.4469725
3.3901989,0.4469725,3.3964274,10.3632069
3.3964274,10.3632069,3.4024823,19.4461136
3.4024823,19.4461136,3.4860415,19.4343338
3.4860415,19.4343338,3.4951112,31.1003609
3.4951112,31.1003609,4.6324625,30.921875
4.6324625,30.921875,4.6317859,30.2552605
4.6317859,30.2552605,4.8823562,30.2123089
4.8823562,30.2123089,4.8808317,28.7124405
4.8808317,28.7124405,6.0152602,28.509243
6.0152602,28.509243,6.0147381,28.0092907
6.0147381,28.0092907,6.0096025,22.8430862
6.0096025,22.8430862,5.8262529,22.8764725
5.8262529,22.8764725,5.8217988,18.0435486
5.8217988,18.0435486,5.8884778,18.0314159
5.8884778,18.0314159,5.8836913,12.5318508
5.8836913,12.5318508,5.7170038,12.5621548
5.7170038,12.5621548,5.7195764,15.5619202
5.7195764,15.5619202,5.4528155,15.6101446
5.4528155,15.6101446,5.4532475,16.1101055
5.4532475,16.1101055,5.0863519,16.175499
5.0863519,16.175499,5.0859284,15.6755352
5.0859284,15.6755352,4.7356019,15.7364635
4.7356019,15.7364635,4.7234907,0.2375014
4.7234907,0.2375014,3.6901937,0.4037257
3.6901937,0.4037257,3.6890388,-1.3461887

<TEL>
18.1781502,-56.9837723,20.4972534,-56.5885773
20.4972534,-56.5885773,20.477953,-45.0900002
20.477953,-45.0900002,19.317976,-45.277565

<TRI>
2.0342474,25.6050701,1.7829783,25.6263351
1.7829783,25.6263351,1.784314,28.6262817
1.784314,28.6262817,1.524428,28.6454391
1.524428,28.6454391,1.5264951,33.6453705
1.5264951,33.6453705,1.527389,35.6453362
1.527389,35.6453362,2.1236167,35.5971375
2.1236167,35.5971375,2.1247394,37.347084
2.1247394,37.347084,2.6452894,37.2931557
2.6452894,37.2931557,2.6956439,37.2873878
2.6956439,37.2873878,2.6934922,34.5375137
2.6934922,34.5375137,2.8444312,34.5196762
2.8444312,34.5196762,2.841892,31.1865025
2.841892,31.1865025,2.5402129,31.2213154
2.5402129,31.2213154,2.5380099,27.8047638
2.5380099,27.8047638,2.0353744,27.8550186
2.0353744,27.8550186,2.0342474,25.6050701

<TRA>
16.6023121,-60.2644577,16.605442,-61.2641945
16.605442,-61.2641945,16.7691898,-61.2364578
16.7691898,-61.2364578,16.7784214,-63.8189964
16.7784214,-63.8189964,16.9463425,-63.7900925
16.9463425,-63.7900925,16.9522343,-65.2062531
16.9522343,-65.2062531,17.0361595,-65.1916428
17.0361595,-65.1916428,17.0483322,-67.6905823
17.0483322,-67.6905823,17.2161655,-67.661087

<TUC>
23.4574261,-66.8125992,23.4665222,-74.3124619
23.4665222,-74.3124619,0.1044198,-74.3039627
1.4137486,-57.8484154,23.4518929,-57.8126793
23.4518929,-57.8126793,23.4512348,-56.3126869
23.4512348,-56.3126869,22.140913,-56.3908348
22.140913,-56.3908348,22.1599045,-66.8899918
22.1599045,-66.8899918,23.4574261,-66.8125992

<UMA>
10.2918816,41.3773613,9.7139492,41.431675
9.7139492,41.431675,9.3008327,41.4785957
9.3008327,41.4785957,9.3060474,46.4782791
9.3060474,46.4782791,8.5626736,46.5777283
8.5626736,46.5777283,8.5866089,59.5759888
8.5866089,59.5759888,8.1419401,59.6433983
8.1419401,59.6433983,8.2057486,73.1383743
8.2057486,73.1383743,9.3743649,72.9741364
9.3743649,72.9741364,11.4640913,72.8125
11.4640913,72.8125,11.4566231,65.8126068
11.4566231,65.8126068,12.1052837,65.8039627
12.1052837,65.8039627,12.1054373,63.3039627
12.1054373,63.3039627,13.5700359,63.3593445
13.5700359,63.3593445,13.5715761,62.3593979
13.5715761,62.3593979,14.4696836,62.4414825
14.4696836,62.4414825,14.4834166,54.9422379
14.4834166,54.9422379,14.1056261,54.9035759
14.1056261,54.9035759,14.1132488,47.9039383
14.1132488,47.9039383,13.5863409,47.8599281
13.5863409,47.8599281,13.5828266,52.3598061
13.5828266,52.3598061,12.1879015,52.3043365
12.1879015,52.3043365,12.1884289,44.3043365
12.1884289,44.3043365,12.1060944,44.3039627
12.1060944,44.3039627,12.1063004,33.3039627
12.1063004,33.3039627,12.1063776,28.3039627
12.1063776,28.3039627,11.9739294,28.3040466
11.9739294,28.3040466,11.1129332,28.3250256
11.1129332,28.3250256,11.1142817,33.3249931
11.1142817,33.3249931,10.8992939,33.3356781
10.8992939,33.3356781,10.9015446,39.3356133
10.9015446,39.3356133,10.2906275,39.3774109
10.2906275,39.3774109,10.2918816,41.3773613

<UMI>

<VEL>
8.8882437,-56.9739723,11.0891504,-57.1744423
11.0891504,-57.1744423,11.0971003,-40.4246216
11.0971003,-40.4246216,9.4489374,-40.2918739
9.4489374,-40.2918739,9.4514399,-37.2920151
8.4451866,-37.160038,8.4381542,-43.4095192
8.4381542,-43.4095192,8.0692186,-43.3535042
8.0692186,-43.3535042,8.0574465,-51.1025848
8.0574465,-51.1025848,8.2254086,-51.1285286
8.2254086,-51.1285286,8.2213411,-53.3782196
8.2213411,-53.3782196,8.5072861,-53.4206772
8.5072861,-53.4206772,8.5044746,-54.9204712
8.5044746,-54.9204712,8.8920116,-54.9742203
8.8920116,-54.9742203,8.8882437,-56.9739723

<VIR>
11.6228199,-6.6916924,11.6233683,-0.6916979
11.6233683,-0.6916979,11.6243792,10.3082914
11.6243792,10.3082914,11.9735823,10.3040485
11.9735823,10.3040485,11.9736357,13.3040485
11.9736357,13.3040485,12.9374685,13.3225126
12.9374685,13.3225126,12.9372711,14.3225088
12.9372711,14.3225088,13.6019287,14.3604937
13.6019287,14.3604937,13.6042566,7.3605771
13.6042566,7.3605771,15.1854324,7.525393
15.1854324,7.525393,15.1902008,-0.4742887
14.3675394,-22.5727749,12.944458,-22.6773415

<VOL>
6.8468876,-64.1518784,6.5958166,-64.1070251
6.5958166,-64.1070251,6.5636282,-70.1041336
7.6143136,-75.289917,9.0162458,-75.4954681
9.0162458,-75.4954681,9.0729818,-64.4990387
9.0729818,-64.4990387,6.8468876,-64.1518784

<VUL>
19.3397541,21.3148155,18.9559422,21.2478352
18.9559422,21.2478352,18.9518108,25.6641407
18.9518108,25.6641407,19.3440876,25.7325745
19.3440876,25.7325745,19.3421764,27.7324085
19.3421764,27.7324085,19.7514801,27.8011742
19.7514801,27.8011742,19.7500629,29.3010578
19.7500629,29.3010578,21.0048389,29.4871387
21.0048389,29.4871387,21.0055943,28.4871883
21.0055943,28.4871883,21.5080109,28.5480537
21.5080109,28.5480537,21.5108013,24.0482101
21.5108013,24.0482101,21.3434467,24.0289364
21.3434467,24.0289364,21.3458939,20.0290813
21.3458939,20.0290813,21.1452522,20.0046406
21.1452522,20.0046406,20.660511,19.9399967
20.660511,19.9399967,20.6597958,20.9399471
20.6597958,20.9399471,20.3422699,20.8936996
20.3422699,20.8936996,20.3416939,21.6436558
20.3416939,21.6436558,19.924017,21.5787334
19.924017,21.5787334,19.9257126,19.4955387
19.9257126,19.4955387,19.3414192,19.3982983
19.3414192,19.3982983,19.3397541,21.3148155
<END>
