4
2011/02/19 17:58:37.3830000,2011/02/18 17:18:49.7220000
Sun,0,0,0,0,0,0
Moon,-129167220.98072653,72697902.917643875,-32367.878486863243,-15.305892582018647,-27.128316997537812,-0.017216467672663611
Mercury,43876369.480880171,-43566130.774110854,-7585486.574369262,24.667887910476352,36.877627774305047,0.74965073316999609
Venus,-83935147.573969588,-68120267.709605768,3910902.7912622443,21.822434579865774,-27.35748189056406,-1.6342282464761424
Earth,-128815233.71944804,72637853.898321033,-1231.1257984954807,-15.113501515900138,-26.04768406961054,0.00096953988334518872
Mars,169185502.52637205,-119074920.17135623,-6649534.4345614454,14.865114894539291,21.887288332530296,0.093615638237396423
Jupiter,723679670.67531967,155064073.01421848,-16838482.325635441,-2.8998587269641187,13.406615724910058,0.0091444378750131835
Saturn,-1401947224.912204,-305447721.12879384,61122907.707103461,1.5342148690032225,-9.4477005397550311,0.10286134401247639
Uranus,3004862052.1478152,3506116.827135799,-38910896.468386292,-0.060215050635990815,6.5029176755182192,0.024513562832448203
Neptune,3817447266.7564087,-2362993154.459352,-39303789.281356961,2.8219956393810786,4.6635225777645779,-0.16071616350854487
Pluto,441398409.84823829,-4748828546.1993732,380645108.85145748,5.5221167690632,-0.53013306700047746,-1.5236424924198473
Ceres,307027883.18093526,-314480416.37014526,-66390167.220242046,11.938503705937805,11.420487069553056,-1.8437432295718763
Haumea,-6464156702.8277235,-2004429938.0852315,3510750421.931839,1.527671640595492,-3.4289711270174812,0.27986582421020456
Makemake,-6830148174.0250826,407299028.78616256,3763942995.0796108,-0.55106717129198113,-3.7576376566094343,-0.083578446702638268
Eris,13067537722.495684,5178349820.7977543,-3365114588.2251391,-0.54702903813063064,1.6118817887848407,1.5601810706254511
Vesta,-54459768.152660161,-317137776.03874975,16155642.034292705,20.675517815322603,-3.8650180533844058,-2.3958038292609585
Sedna,7860871961.969964,10066690478.394352,-2695775287.959116,-4.0887658335749073,1.3653011325666087,0.26981193616493532
2002 TC302,5494761353.5238762,4064444895.0319157,1048518026.6149908,-3.5018157824740888,2.1449151508506725,2.3613471021654995
2007 OR10,11293067220.331871,-6203962648.7868366,-752676937.33065248,2.0987766428340233,1.2559888911043608,1.1753933803007166
Ixion,-1412393560.1238589,-5995716618.2203054,-218544774.24970624,4.3043485274932154,0.17049109693518738,-1.4340794950367559
Quaoar,-966033296.732099,-6322718330.0009727,855814872.04638743,4.5157175368312412,-0.48740972192697446,0.16733977988903967
Orcus,-5995152668.4730835,3204374049.372654,-2278823641.403441,-1.7329057343275918,-3.3173267257101311,-0.61835767263185593
Pallas,79313993.942145556,-406031361.17939323,273994569.66472471,14.612215979815938,-0.12326511011245951,-1.1318467417746427
Phobos,169183050.33442745,-119066062.08998565,-6647901.4512087759,13.004154768809725,21.247035882739279,0.951659319594486
Deimos,169166196.37208325,-119085101.8781552,-6640920.5668657422,15.347379564985649,20.675425000312554,-0.25797380021355948
Io,724081776.88551748,155193414.80543756,-16828262.212420329,-8.1344506288106455,29.893847116211386,0.53112894256168341
Europa,724252593.072544,154707204.5415296,-16848589.591131687,4.2462306270437455,25.037262587216706,0.54731983447538479
Ganymede,724562255.40025222,155669689.28120351,-16804527.33392182,-9.0366930932227021,22.382574149758952,0.26905397643939244
Callisto,725357151.04735792,154236591.06385556,-16842616.637310233,0.72638389315608876,20.821950320954677,0.29526263500217653
Mimas,-1402136152.1729927,-305431091.59590918,61129893.223722324,0.58565818737185971,-21.612252850815619,6.9557931961105472
Enceladus,-1401849045.5918217,-305258558.56423813,61014282.77225925,-9.8784287370004584,-4.4059114033608759,-1.435686339584848
Tethys,-1402152028.3497713,-305252507.62366623,61039646.049690895,-6.595187452268334,-16.215671255466404,4.1938648774330289
Dione,-1401614683.4670568,-305616310.44003129,61178783.03956455,6.1840692111431981,-1.7600524716857064,-4.3766872406113206
Rhea,-1401670171.625159,-305856294.03911591,61306656.949052066,8.7137380372536111,-5.7455522964484906,-2.51016201818776
Titan,-1403152380.3766191,-305095996.1962291,61060587.486057252,0.079764999413228524,-14.022267450560649,2.6080236096047518
Iapetus,-1399611921.2944479,-308057227.9218384,61263855.644009255,3.8684755262264732,-7.3040967015489864,-0.86833848952344328
Ariel,3004920163.1060262,3518493.5813560789,-38729712.675780408,5.0610247438773692,5.1670160476399047,-1.5270158023752309
Umbriel,3004679660.6387882,3571069.0613746438,-38729682.8312953,3.1836220832253415,6.259402811467158,3.3921011577032378
Titania,3004449885.6415095,3579109.6243845071,-39035287.286387339,-0.98603293121502322,7.1903719329558458,3.4776922919444351
Oberon,3004346125.5110569,3651238.1509425216,-38678578.104668126,1.2581231908369472,6.6218682118842036,2.880804973708345
Miranda,3004948661.5749507,3490154.5559273767,-38815721.915629849,4.581200611033613,4.8051132394170857,-4.4820103272496254
Triton,3817384569.69171,-2362763584.0450749,-39040681.190039128,6.5902866058191814,6.726633287880146,-1.0630079147893581
Nereid,3814672944.4132266,-2359050529.0140882,-39198206.294953167,2.6698287530113554,3.4134530243345766,-0.25388187413853419
Larissa,3817515640.95733,-2362979248.1831675,-39326945.54558,2.1561614506406359,13.648272263191483,3.2888790806490258
Proteus,3817480744.7206483,-2363093724.5416903,-39354837.023845851,9.5799074920238674,7.7687268606145619,-1.8339931178967477
Charon,441409094.09521776,-4748826982.7876711,380628919.59981048,5.4131743334583859,-0.704876407819304,-1.6140635357401913
New Horizons,413873777.32475847,-2839539920.4969311,88369079.265909985,5.7898702068888843,-14.672078776440857,0.57092611136136007
Comet Halley,-3025954887.2428975,3549240057.3027883,-1417294776.2756844,-0.4928401088000352,2.0900258375517748,-0.47904351519909788
Apophis,44976523.168999977,129846166.18891566,-5799542.46518158,-26.906228135214352,15.551477124597197,-1.4721971607611217
